10 0.51953125 0.43515625 0.1671875 0.3203125
10 0.66171875 0.384375 0.0921875 0.275
10 0.2546875 0.3734375 0.184375 0.240625
10 0.8 0.3921875 0.14375 0.275
9 0.090625 0.27578125 0.0359375 0.084375
9 0.77421875 0.4859375 0.2046875 0.715625
9 0.2984375 0.5078125 0.3125 0.778125
9 0.52890625 0.53515625 0.403125 0.840625
9 0.6234375 0.496875 0.1625 0.73125
7 0.776984375 0.152703125 0.116484375 0.069609375
6 0.721875 0.1625 0.71875 0.1984375 0.73125 0.2015625 0.740625 0.1890625 0.7421875 0.1734375 0.7703125 0.165625 0.821875 0.2078125 0.8296875 0.196875 0.825 0.15625 0.8015625 0.1390625 0.7640625 0.1328125 0.7421875 0.1421875
6 0.546875 0.14375 0.5453125 0.15 0.5640625 0.165625 0.571875 0.18125 0.575 0.215625 0.5703125 0.2484375 0.5875 0.2390625 0.65 0.1578125 0.6390625 0.140625 0.609375 0.1265625 0.5765625 0.1296875
6 0.4609375 0.1546875 0.4515625 0.1640625 0.45625 0.203125 0.4765625 0.190625 0.5484375 0.2046875 0.5640625 0.21875 0.571875 0.2140625 0.5734375 0.1953125 0.565625 0.1703125 0.540625 0.15 0.5078125 0.1421875
6 0.30625 0.165625 0.3140625 0.1734375 0.3375 0.1671875 0.428125 0.2015625 0.4421875 0.1984375 0.4484375 0.1828125 0.4484375 0.15 0.4265625 0.125 0.4109375 0.128125 0.353125 0.11875 0.3359375 0.1296875
7 0.38493750000000004 0.13778125000000002 0.136359375 0.073859375
7 0.514921875 0.1661875 0.1036875 0.0568125
7 0.602984375 0.1505625 0.109375 0.0625