3 0.18828125 0.090625 0.1015625 0.0890625
3 0.1859375 0.26640625 0.1140625 0.0828125
3 0.11328125 0.38515625 0.1234375 0.0953125
3 0.18203125 0.565625 0.128125 0.1296875
3 0.3203125 0.3671875 0.1078125 0.09375
3 0.46015625 0.28046875 0.09375 0.0703125
3 0.509375 0.33671875 0.115625 0.0859375
3 0.56484375 0.3921875 0.1109375 0.09375
3 0.64609375 0.5921875 0.15625 0.1234375
3 0.72109375 0.3359375 0.1203125 0.0703125
3 0.5109375 0.21953125 0.084375 0.065625
3 0.51171875 0.12734375 0.09375 0.065625
3 0.45234375 0.06953125 0.1015625 0.0671875
3 0.85078125 0.51171875 0.121875 0.1140625
3 0.8125 0.46015625 0.1203125 0.0890625
3 0.8296875 0.31484375 0.1140625 0.0734375
3 0.96171875 0.23359375 0.0765625 0.065625
3 0.95703125 0.11875 0.0859375 0.0625
3 0.86796875 0.10546875 0.1125 0.078125
3 0.8734375 0.25234375 0.0953125 0.059375
3 0.7140625 0.07265625 0.096875 0.0734375
3 0.82109375 0.04375 0.0828125 0.0578125
1 0.96171875 0.2828125 0.0765625 0.0296875
1 0.96015625 0.06796875 0.0765625 0.0328125
1 0.71328125 0.384375 0.0953125 0.0453125
3 0.0328125 0.28359375 0.065625 0.0953125
3 0.034375 0.0828125 0.06875 0.0875
9 0.33046875 0.6640625 0.221875 0.6703125
9 0.2015625 0.378125 0.1484375 0.2953125
9 0.0921875 0.48125 0.18125 0.2703125
9 0.584375 0.515625 0.1890625 0.3203125
9 0.18515625 0.753125 0.234375 0.490625
9 0.93828125 0.1390625 0.121875 0.2484375
9 0.1890625 0.2515625 0.2203125 0.2453125
9 0.71484375 0.428125 0.1546875 0.2515625
9 0.03828125 0.39765625 0.0765625 0.309375
9 0.5625 0.2609375 0.1828125 0.334375
9 0.04453125 0.50546875 0.0890625 0.521875
9 0.6296875 0.971875 0.06875 0.05625
9 0.94921875 0.734375 0.1015625 0.5140625
9 0.4390625 0.35625 0.1453125 0.2109375
9 0.346875 0.2453125 0.140625 0.3515625
9 0.68828125 0.25546875 0.140625 0.2328125
9 0.4734375 0.64453125 0.1515625 0.684375