3 0.115625 0.1578125 0.1171875 0.10625
3 0.146875 0.33046875 0.128125 0.103125
3 0.0984375 0.4609375 0.1390625 0.115625
3 0.20078125 0.625 0.15 0.1515625
3 0.2984375 0.40390625 0.1234375 0.1125
3 0.41875 0.2921875 0.1046875 0.0875
3 0.478125 0.33828125 0.1296875 0.10625
3 0.54296875 0.38203125 0.1265625 0.1140625
3 0.6609375 0.5625 0.1765625 0.1515625
3 0.6859375 0.296875 0.13125 0.0921875
3 0.45703125 0.22265625 0.0953125 0.08125
3 0.440625 0.13203125 0.103125 0.0828125
3 0.37109375 0.08671875 0.1125 0.0859375
3 0.846875 0.44453125 0.140625 0.134375
3 0.79921875 0.4015625 0.134375 0.1109375
3 0.78828125 0.25546875 0.125 0.09375
3 0.90234375 0.15 0.0875 0.0796875
3 0.875 0.03828125 0.096875 0.0765625
3 0.7859375 0.0453125 0.125 0.090625
3 0.81953125 0.1859375 0.1046875 0.075
3 0.62890625 0.0421875 0.1078125 0.084375
3 0.72734375 0.01328125 0.0921875 0.0265625
1 0.91171875 0.1984375 0.08125 0.04375
1 0.86875 0.00546875 0.08125 0.0109375
1 0.6875 0.34609375 0.1015625 0.0625
3 0.0203125 0.3765625 0.040625 0.10625
9 0.3984375 0.68359375 0.3453125 0.6328125
9 0.18046875 0.4359375 0.1640625 0.2859375
9 0.2234375 0.79296875 0.21875 0.4125
9 0.6984375 0.3828125 0.1546875 0.2453125
9 0.62421875 0.21875 0.125 0.2203125
9 0.5234375 0.259375 0.2078125 0.284375
9 0.04453125 0.6296875 0.0890625 0.5953125
9 0.40625 0.36640625 0.125 0.2078125
9 0.29765625 0.2703125 0.165625 0.3203125
9 0.1421875 0.6375 0.25 0.428125