3 0.10859375 0.27734375 0.115625 0.0890625
3 0.1015625 0.209375 0.1140625 0.0921875
3 0.290625 0.303125 0.08125 0.075
3 0.25390625 0.11484375 0.078125 0.071875
3 0.415625 0.11640625 0.0984375 0.075
3 0.44453125 0.22734375 0.0828125 0.06875
1 0.1015625 0.1765625 0.0765625 0.053125
1 0.12578125 0.30859375 0.059375 0.0375
10 0.0953125 0.42578125 0.190625 0.2359375
10 0.05625 0.13359375 0.1125 0.1171875
3 0.0078125 0.40390625 0.015625 0.0359375
9 0.47890625 0.35859375 0.1296875 0.290625
9 0.2609375 0.425 0.171875 0.2859375