9 0.65859375 0.55078125 0.3046875 0.8984375
9 0.44765625 0.66796875 0.2359375 0.6640625
9 0.8734375 0.5546875 0.253125 0.890625
9 0.2375 0.665625 0.340625 0.66875
9 0.26796875 0.42890625 0.1734375 0.51875
7 0.616484375 0.178265625 0.10510937499999999 0.157671875
6 0.5640625 0.16875 0.565625 0.2015625 0.5984375 0.1796875 0.628125 0.1921875 0.640625 0.246875 0.6671875 0.2546875 0.66875 0.2125 0.6625 0.1734375 0.65 0.13125 0.6359375 0.1078125 0.625 0.1015625 0.596875 0.10625
7 0.845875 0.1775625 0.100859375 0.15340625000000002
6 0.8046875 0.1796875 0.803125 0.2125 0.8078125 0.21875 0.803125 0.23125 0.8125 0.190625 0.8328125 0.1765625 0.8578125 0.1859375 0.875 0.20625 0.8796875 0.2984375 0.8875 0.253125 0.8859375 0.2125 0.8625 0.121875 0.8484375 0.1015625 0.834375 0.1015625 0.825 0.1125
6 0.43039062499999997 0.243609375 0.09090625 0.149140625
6 0.3875 0.21875 0.384375 0.246875 0.396875 0.246875 0.4125 0.275 0.434375 0.2953125 0.4453125 0.334375 0.4578125 0.3328125 0.4671875 0.2859375 0.465625 0.2421875 0.459375 0.215625 0.434375 0.1671875 0.415625 0.1671875 0.4078125 0.1734375
7 0.23224999999999998 0.28409375 0.117890625 0.15625
6 0.1875 0.259375 0.184375 0.321875 0.1921875 0.328125 0.1984375 0.3171875 0.2375 0.29375 0.2578125 0.3140625 0.259375 0.3515625 0.2671875 0.371875 0.271875 0.3703125 0.2796875 0.3546875 0.275 0.2734375 0.2484375 0.2203125 0.234375 0.2109375 0.2140625 0.2125
6 0.0984375 0.4421875 0.10625 0.5609375 0.11221590909090891 0.5781249999999999 0.14630681818181807 0.5866477272727273 0.1875 0.575 0.18125 0.5671875 0.1859375 0.515625 0.2109375 0.475 0.2125 0.459375 0.1984375 0.36875 0.1796875 0.3203125 0.15625 0.315625 0.1296875 0.3359375 0.1046875 0.3890625
6 0.9125 0.3984375 0.9109375 0.440625 0.91875 0.4828125 0.9261363636363635 0.45028409090909083 0.9673295454545453 0.41761363636363635 0.9859375 0.45625 0.9953125 0.43125 0.990625 0.396875 0.9828125 0.36875 0.9640625 0.340625 0.946875 0.340625 0.9265625 0.359375
5 0.8345156250000001 0.277703125 0.09232812500000001 0.058234375000000005
7 0.156953125 0.41760937499999995 0.12073437499999999 0.1931875
6 0.475 0.375 0.4734375 0.4234375 0.478125 0.43125 0.4921875 0.4046875 0.509375 0.390625 0.540625 0.421875 0.55625 0.4 0.559375 0.36875 0.55 0.3015625 0.528125 0.2890625 0.503125 0.3 0.4859375 0.3296875
7 0.515625 0.36789062499999997 0.085234375 0.139203125