1 0.478125 0.240625 0.071875 0.059375
10 0.91953125 0.32421875 0.1609375 0.3703125
10 0.23828125 0.42578125 0.184375 0.340625
10 0.12265625 0.46875 0.15625 0.33125
10 0.815625 0.4484375 0.1640625 0.3125
10 0.49921875 0.428125 0.165625 0.315625
9 0.825 0.55859375 0.190625 0.7296875
9 0.45390625 0.56484375 0.2984375 0.8234375
9 0.63828125 0.54765625 0.1671875 0.7625
9 0.91171875 0.47578125 0.171875 0.896875
9 0.14375 0.578125 0.1859375 0.8078125
9 0.28984375 0.578125 0.15625 0.7921875
9 0.2609375 0.57109375 0.190625 0.8171875
9 0.709375 0.5109375 0.1140625 0.66875
9 0.17890625 0.2453125 0.0578125 0.125
9 0.2171875 0.5609375 0.1171875 0.821875
9 0.3015625 0.2953125 0.1109375 0.2171875
9 0.36484375 0.29609375 0.1296875 0.225
7 0.8546875 0.0515625 0.84375 0.09375 0.8296875 0.1046875 0.8296875 0.1109375 0.853125 0.115625 0.8609375 0.1296875 0.8875 0.109375 0.8984375 0.1140625 0.9078125 0.1328125 0.9265625 0.1265625 0.9234375 0.0734375 0.9109375 0.04375 0.884375 0.03125
6 0.853125 0.0546875 0.85 0.0796875 0.8328125 0.109375 0.8578125 0.10625 0.903125 0.11875 0.915625 0.128125 0.928125 0.1234375 0.9234375 0.075 0.9046875 0.0390625 0.884375 0.03125 0.8609375 0.04375