9 0.261359375 0.522015625 0.22443749999999998 0.88778125
8 0.1796875 0.359375 0.1765625 0.3796875 0.228125 0.4 0.2046875 0.51875 0.2078125 0.546875 0.2234375 0.5578125 0.234375 0.5296875 0.2453125 0.5265625 0.2515625 0.5421875 0.2828125 0.5421875 0.2984375 0.50625 0.3171875 0.51875 0.340625 0.4578125 0.3546875 0.3796875 0.35625 0.284375 0.3421875 0.2515625 0.3296875 0.2453125 0.3046875 0.28125 0.2875 0.2734375 0.28125 0.253125 0.253125 0.25 0.215625 0.3140625
9 0.412640625 0.51846875 0.217328125 0.84659375
8 0.3640625 0.36875 0.365625 0.396875 0.3828125 0.4203125 0.3640625 0.490625 0.3609375 0.5328125 0.3703125 0.5390625 0.3875 0.5375 0.3921875 0.5203125 0.4015625 0.515625 0.4203125 0.515625 0.43125 0.528125 0.459375 0.528125 0.46875 0.515625 0.48125 0.5140625 0.4671875 0.5 0.46875 0.4234375 0.48125 0.4140625 0.5015625 0.43125 0.509375 0.43125 0.528125 0.3515625 0.515625 0.278125 0.4984375 0.2484375 0.4890625 0.2453125 0.475 0.259375 0.4546875 0.29375 0.4453125 0.2890625 0.4421875 0.265625 0.43125 0.2546875 0.4015625 0.2625 0.390625 0.278125
9 0.789765625 0.546171875 0.261359375 0.9076718749999999
9 0.2625 0.2734375 0.1796875 0.3234375
6 0.296875 0.1390625 0.2890625 0.16875 0.275 0.1890625 0.3140625 0.1734375 0.3359375 0.1375 0.3375 0.1203125 0.3171875 0.1140625
6 0.4265625 0.171875 0.4234375 0.1921875 0.43125 0.196875 0.4578125 0.15 0.471875 0.15625 0.48125 0.1875 0.4875 0.1578125 0.478125 0.1328125 0.4625 0.1265625 0.4515625 0.13125
7 0.858671875 0.132109375 0.061078125000000004 0.042609375
6 0.8265625 0.1453125 0.8296875 0.16875 0.8515625 0.1375 0.8640625 0.1390625 0.88125 0.1640625 0.8875 0.1375 0.878125 0.115625 0.859375 0.109375 0.8375 0.11875
7 0.31818749999999996 0.144171875 0.06534375 0.04403125
7 0.46023437500000003 0.1484375 0.0681875 0.04971875
8 0.6921875 0.4390625 0.690625 0.4625 0.696875 0.46875 0.7265625 0.440625 0.7390625 0.446875 0.7265625 0.55 0.8453125 0.58125 0.875 0.490625 0.8875 0.428125 0.8953125 0.3375 0.890625 0.2765625 0.871875 0.2578125 0.853125 0.2578125 0.8359375 0.2890625 0.825 0.2953125 0.8125 0.275 0.796875 0.2640625 0.7875 0.259375 0.76875 0.2640625 0.71875 0.3828125 0.7 0.4109375