9 0.70390625 0.56796875 0.5921875 0.859375
9 0.27578125 0.6875 0.546875 0.6203125
8 0.70525 0.83096875 0.589484375 0.332390625
9 0.9578125 0.68828125 0.084375 0.159375
9 0.1953125 0.6890625 0.3890625 0.6140625
9 0.43359375 0.73515625 0.225 0.471875
7 0.686078125 0.248578125 0.30398437500000003 0.21023437500000003
6 0.5546875 0.2578125 0.55625 0.3609375 0.5640625 0.3953125 0.56875 0.325 0.5921875 0.25625 0.6625 0.240625 0.7171875 0.2171875 0.7265625 0.221875 0.740625 0.2453125 0.7625 0.325 0.7578125 0.3453125 0.7828125 0.41875 0.8171875 0.4015625 0.8296875 0.315625 0.8234375 0.2578125 0.809375 0.2234375 0.7921875 0.2 0.759375 0.1765625 0.7296875 0.14375 0.6859375 0.13125 0.6609375 0.13125 0.6359375 0.140625 0.60625 0.1609375 0.5703125 0.203125
6 0.0859375 0.5109375 0.0875 0.584375 0.1078125 0.6359375 0.11875 0.64375 0.1265625 0.540625 0.178125 0.5203125 0.1921875 0.540625 0.1984375 0.540625 0.2515625 0.4671875 0.26875 0.4578125 0.284375 0.4640625 0.3015625 0.496875 0.30625 0.5625 0.321875 0.6390625 0.3484375 0.6203125 0.359375 0.596875 0.36875 0.525 0.353125 0.4765625 0.30625 0.4140625 0.2421875 0.3875 0.196875 0.3875 0.1625 0.40625 0.1140625 0.45625
7 0.4453125 0.563203125 0.180390625 0.151984375
6 0.3671875 0.5640625 0.365625 0.58125 0.375 0.5828125 0.39375 0.5609375 0.4109375 0.565625 0.415625 0.559375 0.4484375 0.55 0.4921875 0.55 0.5109375 0.5671875 0.5375 0.64375 0.54375 0.6453125 0.5484375 0.6140625 0.5453125 0.575 0.515625 0.5296875 0.4765625 0.5 0.43125 0.49375 0.4015625 0.5015625 0.378125 0.5296875
7 0.220171875 0.47371875 0.30681250000000004 0.1775625
5 0.663359375 0.42471875 0.24715625000000002 0.0880625
5 0.44246875 0.681109375 0.186078125 0.06392187499999999
5 0.21023437500000003 0.6150625 0.1818125 0.06534375
4 0.801140625 0.47585937500000003 0.05965625 0.15625
4 0.1171875 0.688921875 0.038359375 0.1193125