9 0.59609375 0.58828125 0.5734375 0.821875
9 0.16328125 0.7171875 0.3265625 0.5640625
9 0.9296875 0.85234375 0.1390625 0.2953125
6 0.484375 0.296875 0.48125 0.31875 0.4890625 0.34375 0.5125 0.31875 0.53125 0.3109375 0.54375 0.2921875 0.55625 0.2875 0.5734375 0.3 0.575 0.3125 0.5875 0.328125 0.5890625 0.3453125 0.609375 0.3296875 0.6078125 0.2734375 0.596875 0.240625 0.5640625 0.2109375 0.5328125 0.2125 0.509375 0.2296875
6 0.0125 0.4421875 0 0.446875 0 0.696875 0.0203125 0.7109375 0.03125 0.6453125 0.1015625 0.5171875 0.1234375 0.5171875 0.1453125 0.5484375 0.1640625 0.615625 0.1671875 0.6578125 0.184375 0.696875 0.2015625 0.68125 0.1984375 0.640625 0.1890625 0.5765625 0.1546875 0.478125 0.1140625 0.4421875 0.05625 0.43125
6 0.2625 0.3046875 0.259375 0.3515625 0.2640625 0.3703125 0.2703125 0.36875 0.271875 0.3359375 0.284375 0.3078125 0.296875 0.2953125 0.3109375 0.2953125 0.3359375 0.378125 0.34375 0.3734375 0.3609375 0.378125 0.3671875 0.34375 0.3546875 0.3 0.3203125 0.2546875 0.2828125 0.246875 0.2671875 0.2703125
6 0.1921875 0.478125 0.1875 0.5328125 0.1921875 0.55625 0.2109375 0.571875 0.215625 0.571875 0.2171875 0.5515625 0.234375 0.5234375 0.3015625 0.5234375 0.309375 0.5484375 0.325 0.540625 0.3234375 0.4765625 0.3140625 0.45 0.296875 0.41875 0.2625 0.3921875 0.2390625 0.3984375 0.2265625 0.409375 0.2125 0.428125 0.2109375 0.446875 0.2 0.45625
6 0.6078125 0.246875 0.6125 0.3046875 0.6203125 0.3140625 0.6140625 0.3203125 0.6359375 0.303125 0.671875 0.303125 0.684375 0.353125 0.696875 0.3734375 0.7 0.309375 0.6890625 0.2578125 0.6640625 0.2296875 0.65 0.225
6 0.7078125 0.3453125 0.7078125 0.384375 0.7203125 0.4203125 0.728125 0.4265625 0.74375 0.425 0.7546875 0.3953125 0.771875 0.390625 0.7734375 0.3703125 0.7984375 0.35625 0.8109375 0.371875 0.8078125 0.3921875 0.8140625 0.396875 0.81875 0.4234375 0.821875 0.3734375 0.815625 0.315625 0.796875 0.2859375 0.76875 0.278125 0.75 0.2921875 0.7296875 0.3390625
6 0.7078125 0.24375 0.7015625 0.29375 0.7125 0.3171875 0.725 0.3015625 0.740056818181818 0.25710227272727265 0.7556818181818181 0.24999999999999992 0.7656249999999998 0.284090909090909 0.7713068181818181 0.2457386363636363 0.7359375 0.2125 0.7203125 0.21875
6 0.6671875 0.721875 0.665625 0.765625 0.6765625 0.784375 0.6875 0.784375 0.70625 0.76875 0.75625 0.753125 0.7875 0.759375 0.809375 0.7765625 0.8140625 0.7703125 0.815625 0.7296875 0.80625 0.684375 0.7953125 0.665625 0.7734375 0.65 0.7390625 0.6484375 0.7125 0.6609375 0.684375 0.6859375 0.675 0.715625