9 0.80625 0.4828125 0.3875 0.965625
9 0.54765625 0.5984375 0.4484375 0.7984375
9 0.2015625 0.590625 0.2984375 0.80625
6 0.359375 0.2703125 0.3578125 0.2875 0.36875 0.3171875 0.384375 0.325 0.4015625 0.3015625 0.440625 0.275 0.4703125 0.265625 0.4875 0.271875 0.4953125 0.2984375 0.50625 0.3109375 0.5171875 0.275 0.50625 0.225 0.4859375 0.2078125 0.4390625 0.196875 0.41875 0.2015625 0.3796875 0.228125
6 0.1 0.2515625 0.0984375 0.2859375 0.10625 0.325 0.1265625 0.3546875 0.1390625 0.353125 0.1328125 0.334375 0.1375 0.265625 0.15 0.240625 0.1671875 0.228125 0.19375 0.23125 0.2109375 0.24375 0.2453125 0.29375 0.2515625 0.346875 0.259375 0.334375 0.2625 0.2859375 0.2546875 0.25625 0.2328125 0.2171875 0.2125 0.2015625 0.178125 0.1890625 0.1421875 0.1984375 0.1171875 0.2171875
6 0.6625 0.059375 0.6609375 0.0953125 0.6734375 0.1234375 0.6984375 0.078125 0.7703125 0.0453125 0.7796875 0.0453125 0.8046875 0.0625 0.821875 0.1 0.8265625 0.0953125 0.815625 0.028125 0.78125 0 0.7203125 0 0.6703125 0.0453125
7 0.183953125 0.22726562499999997 0.17471874999999998 0.0681875
7 0.43679687500000003 0.235796875 0.1661875 0.071015625
7 0.745734375 0.0411875 0.1619375 0.07954687499999999
5 0.1375 0.284375 0.1390625 0.30625 0.1796875 0.3078125 0.246875 0.2984375 0.2421875 0.284375 0.228125 0.271875 0.1609375 0.275 0.1421875 0.278125
5 0.390625 0.31875 0.3875 0.33125 0.3921875 0.3390625 0.5015625 0.33125 0.5046875 0.3265625 0.5046875 0.3125 0.4890625 0.3015625 0.4600272704006686 0.3110482492275524 0.4450670339648745 0.3110482492275524 0.4182632770174101 0.3048148173793048 0.4045497269512655 0.31167159241237713
5 0.6765625 0.134375 0.675 0.153125 0.7046875 0.1625 0.8140625 0.1390625 0.8259297198927996 0.13401878473732215 0.8359032108499956 0.11781186193187856 0.834375 0.1015625 0.7859375 0.1 0.7546875 0.1046875 0.703125 0.1234375 0.684375 0.128125