1 0.096875 0.46875 0.0984375 0.0796875
1 0.28359375 0.52421875 0.0625 0.0609375
1 0.3578125 0.52109375 0.0703125 0.06875
1 0.459375 0.4078125 0.0671875 0.0453125
1 0.58828125 0.3921875 0.05625 0.0546875
1 0.75 0.35703125 0.0703125 0.0578125
10 0.1328125 0.67265625 0.225 0.3109375
10 0.2921875 0.64453125 0.1578125 0.2234375
10 0.47265625 0.528125 0.146875 0.1890625
10 0.61796875 0.5203125 0.1390625 0.1921875
10 0.778125 0.49375 0.15625 0.2203125
9 0.509375 0.6390625 0.203125 0.54375
9 0.14609375 0.70546875 0.259375 0.5890625
9 0.64453125 0.6328125 0.20625 0.5640625
9 0.39140625 0.69453125 0.134375 0.41875