2 0.8870000000000001 0.3041666666666667 0.0439 0.045
2 0.7268333333333333 0.29327380952380955 0.0634 0.07261904761904761
2 0.13496666666666668 0.3107142857142857 0.0683 0.07839285714285714
3 0.14876666666666669 0.37601190476190477 0.052033333333333334 0.0667857142857143
3 0.7073333333333333 0.34482142857142856 0.04226666666666667 0.07696428571428571
3 0.8796666666666666 0.35130952380952385 0.034133333333333335 0.04934523809523809
0 0.1248 0.510297619047619 0.126 0.3034523809523809
0 0.7345666666666667 0.5023214285714286 0.16503333333333334 0.35130952380952385
0 0.8943000000000001 0.445 0.07803333333333333 0.2017857142857143
0 0.9601666666666667 0.4892857142857143 0.0569 0.17422619047619048
2 0.9638333333333332 0.36660714285714285 0.03496666666666667 0.05952380952380952