0 0.6421875 0.49375 0.05625 0.103125
9 0.56328125 0.63203125 0.8671875 0.7328125
9 0.3625 0.4765625 0.2921875 0.4171875
9 0.48984375 0.6265625 0.596875 0.7390625
7 0.35653125 0.334515625 0.27273437500000003 0.126421875
5 0.228125 0.378125 0.228125 0.4109375 0.259375 0.41875 0.275 0.434375 0.3078125 0.425 0.325 0.43125 0.3359375 0.4234375 0.353125 0.4234375 0.3609375 0.409375 0.4046875 0.4109375 0.4265625 0.428125 0.465625 0.43125 0.4984375 0.4234375 0.4984375 0.36875 0.478125 0.3203125 0.4390625 0.2875 0.396875 0.271875 0.3578125 0.2703125 0.3 0.2859375 0.253125 0.321875
6 0.6 0.4 0.5984375 0.4390625 0.603125 0.4515625 0.63125 0.4390625 0.6703125 0.446875 0.728125 0.4421875 0.7609375 0.4328125 0.7828125 0.440625 0.8546875 0.440625 0.884375 0.4578125 0.896875 0.453125 0.9046875 0.4390625 0.896875 0.3671875 0.88125 0.3296875 0.8171875 0.2859375 0.7765625 0.278125 0.7046875 0.284375 0.6625 0.303125 0.6265625 0.3375 0.6109375 0.3640625
4 0.2171875 0.453125 0.21875 0.4875 0.2296875 0.515625 0.2625 0.55625 0.2703125 0.55625 0.275 0.5484375 0.2625 0.4484375 0.24375 0.434375 0.228125 0.434375
5 0.3671875 0.4265625 0.321875 0.440625 0.309375 0.4390625 0.303125 0.4453125 0.2625 0.446875 0.2703125 0.4625 0.3140625 0.48125 0.3578125 0.4703125 0.3859375 0.475 0.4265625 0.4546875 0.459375 0.4640625 0.4640625 0.478125 0.475 0.4828125 0.490625 0.484375 0.4984375 0.478125 0.4984375 0.428125 0.4390625 0.4375 0.434375 0.43125
5 0.66875 0.4453125 0.6625 0.4515625 0.665625 0.465625 0.7215909090909092 0.4588068181818182 0.7514204545454547 0.48153409090909094 0.84375 0.48721590909090906 0.8953125 0.4859375 0.9 0.4578125 0.9 0.4453125 0.8859375 0.45 0.859375 0.4390625 0.8171875 0.4328125 0.7390625 0.4453125
7 0.761359375 0.34445312499999997 0.323859375 0.129265625