1 0.796875 0.4078125 0.0359375 0.034375
1 0.66171875 0.415625 0.0328125 0.0359375
1 0.328125 0.19921875 0.0453125 0.034375
1 0.23828125 0.2609375 0.046875 0.0421875
3 0.25078125 0.23359375 0.075 0.0859375
3 0.34609375 0.1671875 0.0765625 0.071875
3 0.4890625 0.12109375 0.090625 0.0890625
3 0.57890625 0.06875 0.0953125 0.1125
3 0.67109375 0.39375 0.05 0.0578125
3 0.80390625 0.3796875 0.053125 0.05625
3 0.89296875 0.56640625 0.0234375 0.0265625
3 0.9671875 0.57734375 0.025 0.0234375
1 0.5578125 0.1046875 0.0578125 0.0484375
10 0.53203125 0.38515625 0.20625 0.4375
10 0.31796875 0.41328125 0.1609375 0.3296875
10 0.21640625 0.42109375 0.11875 0.2703125
10 0.428125 0.4171875 0.1625 0.3578125
10 0.6421875 0.53515625 0.1171875 0.2046875
10 0.778125 0.553125 0.11875 0.2234375
10 0.8796875 0.6421875 0.0625 0.115625
10 0.95390625 0.6515625 0.0671875 0.109375
9 0.765625 0.63125 0.1421875 0.54375
9 0.48671875 0.50078125 0.2796875 0.9453125
9 0.87890625 0.684375 0.06875 0.25625
9 0.265625 0.49453125 0.2515625 0.80625
9 0.2125 0.471875 0.3546875 0.8328125
9 0.1515625 0.55390625 0.2625 0.6578125
9 0.68125 0.64375 0.06875 0.309375
9 0.94609375 0.68984375 0.0734375 0.2375
9 0.66328125 0.45703125 0.0640625 0.178125
9 0.62734375 0.64140625 0.153125 0.4375