1 0.7765625 0.3578125 0.03125 0.0296875
1 0.64453125 0.3890625 0.028125 0.03125
1 0.278125 0.23359375 0.0421875 0.028125
1 0.20078125 0.31015625 0.040625 0.0359375
3 0.20859375 0.28125 0.0625 0.0765625
3 0.290625 0.19921875 0.0671875 0.0609375
3 0.4234375 0.12890625 0.078125 0.0765625
3 0.503125 0.06171875 0.078125 0.1015625
3 0.65 0.365625 0.0421875 0.0515625
3 0.778125 0.32890625 0.0453125 0.0484375
3 0.8984375 0.496875 0.0203125 0.0234375
3 0.9734375 0.4953125 0.021875 0.0203125
1 0.48828125 0.10078125 0.0515625 0.040625
10 0.51171875 0.38125 0.1359375 0.421875
10 0.30546875 0.44609375 0.1078125 0.3171875
10 0.20703125 0.471875 0.075 0.2609375
10 0.41484375 0.43125 0.1046875 0.3453125
10 0.64609375 0.51015625 0.0859375 0.1921875
10 0.7828125 0.50390625 0.0828125 0.2125
10 0.8984375 0.57421875 0.0453125 0.1109375
10 0.9734375 0.5703125 0.05 0.103125
9 0.78125 0.58203125 0.13125 0.5515625
9 0.90390625 0.61484375 0.06875 0.25625
9 0.50625 0.5 0.2640625 0.9140625
9 0.2796875 0.55 0.1734375 0.7546875
9 0.97109375 0.6078125 0.0578125 0.240625
9 0.65546875 0.59375 0.1 0.49375
9 0.52109375 0.58984375 0.225 0.8203125
9 0.1703125 0.58515625 0.18125 0.703125
9 0.69921875 0.6046875 0.0609375 0.3296875
9 0.18828125 0.57890625 0.1328125 0.6578125