9 0.12890625 0.6875 0.2578125 0.6234375
9 0.4359375 0.7703125 0.3671875 0.4578125
9 0.878125 0.71796875 0.24375 0.5625
9 0.6640625 0.71328125 0.29375 0.571875
9 0.52109375 0.509375 0.196875 0.4625
9 0.8109375 0.890625 0.1765625 0.21875
9 0.30078125 0.659375 0.184375 0.5625
9 0.0625 0.203125 0.125 0.3390625
9 0.18359375 0.31328125 0.1546875 0.475
9 0.77421875 0.48203125 0.1015625 0.4234375
9 0.225 0.50859375 0.115625 0.3046875
9 0.9578125 0.5921875 0.084375 0.3328125
9 0.29765625 0.31328125 0.1890625 0.2546875
6 0.009375 0.490625 0.0078125 0.575 0 0.60625 0 0.775 0.015625 0.746875 0.03125 0.75 0.0328125 0.759375 0.0375 0.7203125 0.032670454545454586 0.5909090909090908 0.08380681818181826 0.4389204545454545 0.11789772727272733 0.4843749999999999 0.14204545454545459 0.5426136363636362 0.1434659090909091 0.6633522727272727 0.1171875 0.746875 0.1515625 0.7390625 0.1625 0.7140625 0.1734375 0.709375 0.16875 0.6953125 0.175 0.6609375 0.1921875 0.6578125 0.1921875 0.653125 0.184375 0.6375 0.175 0.565625 0.1484375 0.4703125 0.1484375 0.4453125 0.1203125 0.3921875 0.0953125 0.375 0.0703125 0.3765625 0.0515625 0.3875 0.0171875 0.440625
9 0.04921875 0.443890625 0.0984375 0.4125
6 0.6078125 0.5703125 0.5953125 0.684375 0.6015625 0.696875 0.6 0.7140625 0.621875 0.7203125 0.628125 0.715625 0.61875 0.7015625 0.6265625 0.7 0.6296875 0.6875 0.628125 0.5828125 0.6390625 0.5015625 0.6640625 0.4796875 0.6796875 0.4859375 0.6984375 0.509375 0.709375 0.5375 0.7171875 0.578125 0.71875 0.6390625 0.7296875 0.68125 0.7421875 0.6984375 0.728125 0.7109375 0.7265625 0.7484375 0.721875 0.759375 0.715625 0.759375 0.7125 0.775 0.728125 0.7890625 0.7328125 0.825 0.746875 0.828125 0.746875 0.7796875 0.7625 0.7625 0.7625 0.7515625 0.7484375 0.7359375 0.7453125 0.7078125 0.75625 0.69375 0.7609375 0.61875 0.75 0.5 0.7390625 0.453125 0.7234375 0.41875 0.6859375 0.4125 0.6515625 0.41875 0.6265625 0.4734375
6 0.39375 0.5515625 0.378125 0.56875 0.3480113636363635 0.6122159090909091 0.33948863636363635 0.6846590909090908 0.3423295454545453 0.8267045454545455 0.37215909090909083 0.8238636363636364 0.35085227272727265 0.7088068181818181 0.3650568181818182 0.6420454545454546 0.4076704545454545 0.6235795454545455 0.440625 0.6421875 0.45625 0.665625 0.4765625 0.721875 0.475 0.7875 0.4609375 0.865625 0.46875 0.94375 0.4890625 0.9328125 0.503125 0.9515625 0.5125 0.9546875 0.540625 0.8765625 0.5375 0.859375 0.5234375 0.8421875 0.5140625 0.8169270833333334 0.5171875 0.7546875 0.5015625 0.675 0.4765625 0.603125 0.4546875 0.565625 0.421875 0.5453125
6 0.49375 0.3390625 0.49375 0.3734375 0.503125 0.35625 0.50625 0.328125 0.5265625 0.3109375 0.5421875 0.3234375 0.5734375 0.3125 0.590625 0.3265625 0.60625 0.3546875 0.6078125 0.3421875 0.603125 0.31875 0.5890625 0.2984375 0.55625 0.2796875 0.540625 0.2796875 0.5203125 0.290625 0.5015625 0.3109375
6 0.2359375 0.3171875 0.234375 0.3421875 0.265625 0.3578125 0.2713068181818182 0.30397727272727276 0.30965909090909083 0.265625 0.34375 0.25 0.3480113636363635 0.28125 0.359375 0.35 0.36875 0.340625 0.3640625 0.2515625 0.35625 0.221875 0.346875 0.209375 0.325 0.1921875 0.309375 0.1890625 0.29375 0.1953125 0.26875 0.2265625
6 0.8140625 0.484375 0.8140625 0.54375 0.825 0.515625 0.8296875 0.4703125 0.8609375 0.4390625 0.8664772727272727 0.3678977272727272 0.8835227272727272 0.33380681818181807 0.9119318181818181 0.33806818181818177 0.9289772727272727 0.3764204545454545 0.9203125 0.446875 0.9390625 0.4984375 0.95 0.465625 0.95625 0.3921875 0.95 0.3515625 0.921875 0.29375 0.8875 0.290625 0.8650568181818181 0.2954545454545454 0.840625 0.3234375 0.8296875 0.38125 0.8296875 0.43125
6 0.634375 0.3109375 0.63125 0.3609375 0.625 0.371875 0.6296875 0.3875 0.61875 0.3921875 0.6265625 0.434375 0.6328125 0.434375 0.65625 0.4076704545454546 0.6463068181818181 0.3650568181818182 0.6477272727272727 0.30539772727272724 0.6633522727272727 0.2826704545454546 0.71875 0.3068181818181818 0.7116477272727272 0.3536931818181818 0.73125 0.4125 0.7390625 0.33125 0.734375 0.290625 0.71875 0.246875 0.6859375 0.23125 0.665625 0.234375 0.6453125 0.2703125
6 0.4734375 0.1859375 0.471875 0.209375 0.509375 0.2125 0.525 0.2046875 0.5359375 0.2125 0.5453125 0.2359375 0.5421875 0.18125 0.525 0.1578125 0.4921875 0.1578125
5 0.1974375 0.155546875 0.0681875 0.0411875
6 0.175 0.096875 0.1734375 0.10625 0.196875 0.1 0.221875 0.1125 0.2359375 0.1609375 0.240625 0.1578125 0.2421875 0.109375 0.228125 0.0890625 0.196875 0.0796875
5 0.886359375 0.132109375 0.0625 0.0369375
6 0.85 0.090625 0.8484375 0.11875 0.8625 0.08125 0.9078125 0.090625 0.9109375 0.0859375 0.903125 0.0640625 0.8796875 0.0515625 0.8640625 0.059375
6 0.00625 0.05 0.0125 0.071875 0.021875 0.0640625 0.04375 0.071875 0.053125 0.0875 0.0625 0.1203125 0.05625 0.1984375 0.0609375 0.21875 0.0765625 0.225 0.0765625 0.2109375 0.0921875 0.1859375 0.0921875 0.14375 0.0765625 0.0734375 0.0609375 0.0484375 0.0453125 0.0359375 0.0171875 0.0359375
5 0.42471875 0.089484375 0.0625 0.02840625
6 0.4 0.0421875 0.3984375 0.05625 0.43203125 0.05 0.446875 0.059375 0.4484375 0.0375 0.4328125 0.01875 0.41875 0.0171875
6 0.5640625 0.265625 0.565625 0.278125 0.590625 0.2828125 0.5875 0.26875 0.59375 0.2484375 0.609375 0.23125 0.621875 0.2328125 0.6375 0.265625 0.6453125 0.2640625 0.6515625 0.2453125 0.65 0.2125 0.64375 0.2046875 0.6203125 0.196875 0.5953125 0.1953125 0.5796875 0.2109375
6 0.546875 0.16875 0.553125 0.2171875 0.6140625 0.1890625 0.60625 0.1734375 0.5875 0.1578125 0.5734375 0.15625
6 0.728125 0.20625 0.7265625 0.2546875 0.7359375 0.2734375 0.7471590909090908 0.21732954545454541 0.7883522727272727 0.16193181818181812 0.8096590909090908 0.21590909090909088 0.8053977272727272 0.2556818181818181 0.8 0.275 0.809375 0.2828125 0.8234375 0.2515625 0.821875 0.19375 0.8109375 0.146875 0.79375 0.1265625 0.7734375 0.125 0.753125 0.140625 0.7390625 0.165625
6 0.4203125 0.428125 0.4203125 0.471875 0.4328125 0.4625 0.4390625 0.428125 0.4515625 0.409375 0.4734375 0.4 0.4859375 0.4078125 0.4859375 0.3890625 0.478125 0.375 0.465625 0.3703125 0.4484375 0.375 0.4296875 0.4
6 0.74375 0.29375 0.7421875 0.3171875 0.765625 0.3171875 0.796875 0.3953125 0.7828125 0.440625 0.7828125 0.4609375 0.79375 0.478125 0.809375 0.4640625 0.8140625 0.4359375 0.8125 0.3515625 0.8015625 0.29375 0.778125 0.2671875 0.753125 0.2765625
6 0.9359375 0.2140625 0.9515625 0.25625 0.9671875 0.225 0.9921875 0.221875 0.9984375 0.2296875 0.9984375 0.1890625 0.9796875 0.1765625 0.9640625 0.178125
6 0.01875 0.25 0.00625 0.2515625 0.0328125 0.3421875 0.03125 0.38125 0.01875 0.4 0.03125 0.40625 0.05625 0.38125 0.09375 0.371875 0.09375 0.359375 0.0640625 0.2828125
6 0.3 0.1296875 0.296875 0.1546875 0.3210227272727272 0.1321022727272727 0.3366477272727272 0.13068181818181818 0.34801136363636365 0.14204545454545453 0.35511363636363635 0.18892045454545453 0.3693181818181819 0.17045454545454544 0.3609375 0.1296875 0.3484375 0.1078125 0.31875 0.1046875 0.3078125 0.1125
6 0.3984375 0.16875 0.3921875 0.1859375 0.396875 0.221875 0.425 0.215625 0.44375 0.228125 0.4640625 0.2140625 0.46875 0.184375 0.4421875 0.1484375 0.4140625 0.153125
6 0.2421875 0.5875 0.240625 0.7078125 0.259375 0.75 0.2953125 0.6796875 0.27840909090909083 0.6022727272727273 0.265625 0.5227272727272727 0.3053977272727272 0.4488636363636364 0.3338068181818182 0.4474431818181818 0.346590909090909 0.48153409090909094 0.35511363636363635 0.53125 0.359375 0.5610795454545455 0.3453125 0.6046875 0.359375 0.578125 0.3921875 0.5484375 0.384375 0.44375 0.359375 0.3953125 0.340625 0.38125 0.3125 0.378125 0.2890625 0.3875 0.2734375 0.403125 0.2515625 0.4765625
6 0.6578125 0.1984375 0.6578125 0.234375 0.6703125 0.2265625 0.690625 0.16875 0.70625 0.1625 0.71875 0.1875 0.7234375 0.215625 0.71875 0.240625 0.7234375 0.24375 0.725 0.1640625 0.7109375 0.1390625 0.69375 0.1359375 0.68125 0.140625
6 0.8140625 0.2984375 0.8140625 0.35 0.81875 0.3859375 0.8234375 0.3875 0.8328125 0.371875 0.8328125 0.3484375 0.846875 0.3390625 0.8484375 0.328125 0.8421875 0.31875 0.85625 0.309375 0.8640625 0.2671875 0.8734375 0.25 0.8984375 0.246875 0.9125 0.2625 0.9171875 0.2765625 0.9125 0.2828125 0.93125 0.303125 0.946875 0.35625 0.953125 0.3609375 0.95625 0.3875 0.9640625 0.3890625 0.953125 0.271875 0.9421875 0.2328125 0.9296875 0.2171875 0.8953125 0.196875 0.86875 0.2015625 0.8390625 0.2296875
5 0.681109375 0.577421875 0.100859375 0.0525625
5 0.8849375 0.553265625 0.0994375 0.0411875
5 0.41618750000000004 0.727984375 0.116484375 0.04971875
5 0.082390625 0.532671875 0.0880625 0.03125
5 0.0859375 0.529828125 0.100859375 0.042609375
5 0.31037499999999996 0.515625 0.0838125 0.045453125
6 0.171875 0.4046875 0.1734375 0.5078125 0.1890625 0.521875 0.1953125 0.509375 0.1875 0.4984375 0.190625 0.4421875 0.2046875 0.428125 0.2359375 0.4171875 0.246875 0.421875 0.2515625 0.434375 0.259375 0.4296875 0.2734375 0.40625 0.275 0.3890625 0.253125 0.35625 0.2265625 0.346875 0.2078125 0.35625 0.18125 0.384375
5 0.22726562499999997 0.47940625 0.07954687499999999 0.04403125
5 0.222296875 0.47868750000000004 0.07528125 0.0369375
5 0.30753125 0.300421875 0.069609375 0.035515625
5 0.47087500000000004 0.47371875 0.08096875 0.0411875
5 0.46520312500000005 0.47371875 0.0724375 0.032671875
5 0.5525625 0.40979687499999995 0.116484375 0.058234375000000005
5 0.675421875 0.34659375 0.066765625 0.0255625
5 0.89275 0.39631249999999996 0.0724375 0.039765625
5 0.42614062500000005 0.32882812499999997 0.06534375 0.038359375
5 0.502125 0.2578125 0.066765625 0.04403125
5 0.436078125 0.2421875 0.0625 0.032671875
5 0.610796875 0.285515625 0.051140624999999995 0.0255625
5 0.776984375 0.21378124999999998 0.053984374999999994 0.035515625
5 0.97940625 0.265625 0.0411875 0.022734375
5 0.891328125 0.285515625 0.066765625 0.03409375
5 0.031953125 0.10510937499999999 0.046875 0.0255625