3 0.65390625 0.253125 0.5734375 0.3296875
6 0.53125 0.375 0.5265625 0.3875 0.540625 0.3796875 0.58125 0.38125 0.6296875 0.40625 0.640625 0.4 0.6546875 0.3765625 0.65625 0.35625 0.696875 0.325 0.80625 0.28125 0.76875 0.2796875 0.65625 0.3015625 0.596875 0.325 0.58125 0.3421875 0.546875 0.359375
1 0.728125 0.35859375 0.253125 0.1140625
9 0.4875 0.51484375 0.86875 0.965625
9 0.91875 0.61796875 0.1625 0.5515625
3 0.4140625 0.28125 0.4203125 0.3796875 0.4265625 0.3859375 0.4421875 0.3859375 0.6671875 0.2953125 0.7828125 0.275 0.8640625 0.2703125 0.8953125 0.2640625 0.925 0.25 0.9203125 0.2453125 0.821875 0.2390625 0.775 0.1703125 0.7390625 0.1390625 0.696875 0.1234375 0.6453125 0.1234375 0.5625 0.140625 0.484375 0.1796875 0.44375 0.2140625 0.421875 0.2515625
5 0.706 0.37170312499999997 0.2705625 0.077296875
4 0.5645625 0.41817187499999997 0.0830625 0.10115624999999999
10 0.1625 0.884375 0.1703125 0.928125 0.215625 0.9984375 0.540625 0.9984375 0.8875 0.9640625 0.8328125 0.846875 0.8109375 0.8140625 0.7484375 0.740625 0.69375 0.6875 0.6203125 0.6328125 0.50625 0.615625 0.459375 0.6109375 0.3921875 0.615625 0.3375 0.628125 0.3140625 0.6421875 0.178125 0.828125
6 0.4734375 0.453125 0.4734375 0.465625 0.4890625 0.4671875 0.509375 0.440625 0.4984375 0.4390625
6 0.446875 0.384375 0.4453125 0.409375 0.4546875 0.4203125 0.4734375 0.403125 0.4734375 0.3796875 0.46875 0.375