0 0.46015625 0.4953125 0.1140625 0.159375
0 0.26328125 0.665625 0.040625 0.0875
0 0.5890625 0.759375 0.053125 0.10625
9 0.6671875 0.76796875 0.44375 0.4625
9 0.73046875 0.35 0.4203125 0.384375
4 0.4078125 0.659375 0.409375 0.728125 0.421875 0.7453125 0.453125 0.7515625 0.4953125 0.71875 0.5125 0.6765625 0.5140625 0.634375 0.496875 0.6140625 0.46875 0.60625 0.446875 0.6078125 0.4234375 0.6203125
4 0.21875 0.2140625 0.21875 0.253125 0.228125 0.2828125 0.259375 0.29375 0.2671875 0.28125 0.2671875 0.2125 0.2359375 0.2
4 0.609375 0.29375 0.6078125 0.3140625 0.621875 0.35 0.646875 0.3765625 0.671875 0.3921875 0.6859375 0.39375 0.690625 0.3859375 0.6890625 0.3171875 0.675 0.2875 0.6421875 0.278125 0.6203125 0.2828125
6 0.5265625 0.253125 0.528125 0.30625 0.5359375 0.3265625 0.55625 0.334375 0.796875 0.3109375 0.9 0.3171875 0.91875 0.3078125 0.903125 0.2515625 0.86875 0.2125 0.8390625 0.190625 0.75625 0.1671875 0.68125 0.159375 0.6 0.1734375 0.5515625 0.2046875
6 0.21875 0.165625 0.2203125 0.20625 0.2328125 0.2 0.2765625 0.209375 0.290625 0.1984375 0.30625 0.1515625 0.321875 0.128125 0.378125 0.128125 0.4421875 0.15 0.45 0.15 0.45 0.1421875 0.428125 0.1140625 0.403125 0.096875 0.3640625 0.084375 0.315625 0.08125 0.278125 0.0921875 0.2546875 0.1078125 0.23125 0.134375
6 0.1265625 0.565625 0.121875 0.590625 0.128125 0.5921875 0.1296875 0.603125 0.15 0.6140625 0.153125 0.6265625 0.184375 0.634375 0.2171875 0.634375 0.221875 0.628125 0.228125 0.63125 0.2734375 0.6203125 0.30625 0.63125 0.31875 0.628125 0.325 0.634375 0.3328125 0.628125 0.340625 0.634375 0.36875 0.6265625 0.3796875 0.6125 0.3765625 0.5671875 0.3421875 0.5203125 0.3140625 0.5046875 0.2625 0.4890625 0.221875 0.4875 0.1734375 0.5046875 0.15 0.5234375
6 0.53125 0.653125 0.528125 0.6859375 0.5328125 0.6890625 0.528125 0.6984375 0.5453125 0.7015625 0.5640625 0.715625 0.6046875 0.7125 0.65 0.725 0.6546875 0.7203125 0.728125 0.7234375 0.771875 0.7140625 0.8203125 0.7328125 0.8359375 0.7296875 0.840625 0.715625 0.8390625 0.659375 0.8140625 0.6140625 0.775 0.578125 0.7109375 0.55 0.653125 0.5453125 0.5953125 0.565625 0.5484375 0.6140625