0 0.46171875 0.49296875 0.1109375 0.159375
5 0.2234375 0.6296875 0.2234375 0.6546875 0.2375 0.66875 0.2578125 0.6734375 0.2890625 0.7 0.340625 0.703125 0.3453125 0.6859375 0.371875 0.68125 0.36875 0.646875 0.378125 0.6171875 0.375 0.6046875 0.3578125 0.6078125 0.3421875 0.59375 0.2671875 0.5953125
0 0.25 0.64453125 0.04375 0.0875
0 0.56484375 0.7671875 0.053125 0.1109375
9 0.50625 0.5515625 0.8953125 0.8890625
9 0.4640625 0.77421875 0.9265625 0.45
4 0.267046875 0.22868750000000002 0.05965625 0.1193125
4 0.667609375 0.348015625 0.09659375 0.12784374999999998
6 0.5578125 0.2640625 0.5515625 0.3109375 0.559375 0.3328125 0.5671875 0.3375 0.590625 0.3375 0.6578125 0.3046875 0.6703125 0.3046875 0.6953125 0.315625 0.7390625 0.3109375 0.759375 0.3171875 0.815625 0.3140625 0.8234375 0.321875 0.8625 0.3203125 0.86875 0.328125 0.8890625 0.33125 0.9 0.346875 0.909375 0.3171875 0.90625 0.290625 0.8921875 0.2625 0.8625 0.2296875 0.8140625 0.2015625 0.7921875 0.2 0.7421875 0.1828125 0.675 0.1796875 0.6203125 0.1921875 0.5890625 0.2125
6 0.525 0.6421875 0.528125 0.7203125 0.5796875 0.7203125 0.596875 0.7265625 0.621875 0.759375 0.625 0.7546875 0.6765625 0.753125 0.6984375 0.7671875 0.790625 0.7703125 0.8 0.7640625 0.80625 0.7703125 0.821875 0.746875 0.8234375 0.6890625 0.8140625 0.6546875 0.7640625 0.5984375 0.709375 0.56875 0.6546875 0.559375 0.596875 0.5671875 0.5484375 0.60625
6 0.121875 0.5390625 0.1140625 0.5625 0.11875 0.60625 0.134375 0.63125 0.165625 0.64375 0.18125 0.6453125 0.2109375 0.63125 0.215625 0.6359375 0.215625 0.6296875 0.246875 0.609375 0.275 0.621875 0.275 0.6265625 0.3375 0.6296875 0.3578125 0.6265625 0.3796875 0.60625 0.378125 0.565625 0.3640625 0.5328125 0.321875 0.49375 0.275 0.471875 0.2203125 0.4640625 0.18125 0.4734375 0.140625 0.50625
6 0.2453125 0.153125 0.246875 0.1890625 0.265625 0.1796875 0.2828125 0.1890625 0.30625 0.190625 0.3140625 0.1875 0.35 0.1171875 0.3640625 0.1109375 0.428125 0.1203125 0.478125 0.1375 0.478125 0.14375 0.48125 0.140625 0.46875 0.115625 0.4390625 0.090625 0.3765625 0.06875 0.3390625 0.0671875 0.2859375 0.090625 0.2640625 0.1140625
4 0.39375 0.6515625 0.390625 0.7109375 0.3953125 0.7296875 0.415625 0.74375 0.440625 0.74375 0.4703125 0.7234375 0.490625 0.690625 0.5 0.66875 0.5 0.6296875 0.4890625 0.615625 0.4671875 0.603125 0.434375 0.6015625 0.4109375 0.615625
5 0.6140625 0.765625 0.6109375 0.809375 0.665625 0.8296875 0.7625 0.828125 0.80625 0.8140625 0.80625 0.7765625 0.7828125 0.7625 0.7432291666666667 0.7609375 0.7234375 0.7515625 0.715625 0.7578125 0.665625 0.7546875 0.621875 0.759375
5 0.29375 0.215625 0.29375 0.2484375 0.30625 0.2609375 0.4484375 0.2640625 0.4625 0.2703125 0.4859375 0.253125 0.490625 0.240625 0.4859375 0.225 0.4625 0.2234375 0.446875 0.2078125 0.4265625 0.2 0.3234375 0.20625 0.30625 0.2
5 0.703125 0.315625 0.6921875 0.3203125 0.7 0.396875 0.734375 0.3859375 0.8203125 0.3953125 0.9 0.3921875 0.915625 0.371875 0.9109375 0.3484375 0.903125 0.3515625 0.85625 0.328125 0.8015625 0.321875 0.7203125 0.3234375
5 0.2703125 0.471875 0.2515625 0.471875 0.2515625 0.48125 0.296875 0.4984375 0.3234375 0.496875 0.3 0.48125