0 0.46171875 0.49296875 0.1109375 0.159375
9 0.23828125 0.6484375 0.3046875 0.31875
0 0.25 0.64453125 0.04375 0.0875
0 0.56484375 0.7671875 0.053125 0.1109375
9 0.28671875 0.2625 0.3984375 0.34375
9 0.71171875 0.77578125 0.403125 0.446875
9 0.74375 0.36328125 0.4390625 0.39375
4 0.681109375 0.35085937500000003 0.11221874999999999 0.139203125
4 0.264203125 0.23367187500000003 0.051140624999999995 0.11221874999999999
4 0.45028125 0.67471875 0.10510937499999999 0.1818125
6 0.240625 0.165625 0.240625 0.19375 0.259375 0.1796875 0.30625 0.190625 0.31875 0.1796875 0.3546875 0.1125 0.384375 0.1109375 0.4828125 0.1421875 0.46875 0.115625 0.4390625 0.090625 0.396875 0.0734375 0.3390625 0.0671875 0.309375 0.0765625 0.2765625 0.0984375 0.25625 0.1265625
6 0.5421875 0.275 0.5421875 0.3125 0.5515625 0.34375 0.575 0.353125 0.60625 0.3375 0.6109375 0.3265625 0.628125 0.328125 0.640625 0.303125 0.68125 0.3046875 0.6984375 0.3234375 0.73125 0.3296875 0.8078125 0.3328125 0.815625 0.328125 0.8375 0.334375 0.846875 0.33125 0.85625 0.3390625 0.86875 0.334375 0.884375 0.34375 0.890625 0.3375 0.915625 0.3484375 0.934375 0.3453125 0.9265625 0.29375 0.90625 0.259375 0.88125 0.234375 0.815625 0.2 0.7375 0.18125 0.68125 0.1765625 0.6125 0.1890625 0.575 0.2125 0.55625 0.2390625
6 0.5125 0.665625 0.509375 0.7296875 0.5203125 0.7546875 0.5375 0.74375 0.583806818181818 0.7357954545454545 0.634375 0.7703125 0.6421875 0.7640625 0.68125 0.7703125 0.753125 0.7671875 0.8046875 0.78125 0.81875 0.7609375 0.8234375 0.6859375 0.8140625 0.6546875 0.76875 0.6015625 0.7 0.565625 0.6234375 0.5609375 0.596875 0.5671875 0.540625 0.615625
6 0.1140625 0.55625 0.115625 0.6046875 0.1328125 0.6296875 0.2 0.634375 0.2015625 0.628125 0.2171875 0.6265625 0.21875 0.61875 0.25625 0.6046875 0.2703125 0.6203125 0.2890625 0.6234375 0.290625 0.6296875 0.334375 0.6265625 0.3375 0.63125 0.36875 0.6265625 0.3796875 0.609375 0.375 0.5515625 0.3484375 0.5140625 0.309375 0.4859375 0.2484375 0.465625 0.2015625 0.4671875 0.1609375 0.4859375 0.134375 0.5140625
5 0.39275000000000004 0.232953125 0.186078125 0.071015625
5 0.847296875 0.352984375 0.20881249999999998 0.078125
5 0.709515625 0.7869375 0.217328125 0.07670312500000001
5 0.3203125 0.63778125 0.098015625 0.053984374999999994