0 0.4671875 0.49296875 0.09375 0.134375
9 0.26232812499999997 0.5934999999999999 0.270484375 0.27728125000000003
0 0.28359375 0.60234375 0.0390625 0.0703125
0 0.5359375 0.72578125 0.04375 0.090625
9 0.6140625 0.778125 0.4734375 0.44375
9 0.70234375 0.425 0.2953125 0.3640625
9 0.393109375 0.28895312500000003 0.24157812500000003 0.28971874999999997
4 0.64909375 0.40220312500000005 0.059453124999999996 0.0960625
4 0.32792187500000003 0.25192187499999996 0.04553125 0.083703125
4 0.448921875 0.633828125 0.09521874999999999 0.111421875
6 0.41335937500000003 0.181109375 0.1818125 0.086640625
6 0.704546875 0.3125 0.27273437500000003 0.12215625000000001
6 0.629265625 0.633515625 0.24431250000000002 0.164765625
6 0.27131249999999996 0.515625 0.22159374999999998 0.10795312500000001