0 0.46875 0.5 0.0875 0.115625
0 0.3390625 0.63203125 0.0296875 0.0625
0 0.5796875 0.67421875 0.0390625 0.075
9 0.74375 0.75859375 0.5046875 0.48125
4 0.3046875 0.33664062499999997 0.046875 0.0880625
4 0.563921875 0.381390625 0.0625 0.098015625
7 0.363640625 0.24929687500000003 0.19034374999999998 0.09232812500000001
6 0.36007812499999997 0.24787499999999998 0.17471874999999998 0.078125
7 0.63778125 0.28409375 0.238640625 0.085234375
6 0.63778125 0.28409375 0.238640625 0.09375
7 0.324578125 0.553265625 0.183234375 0.100859375
6 0.324578125 0.55184375 0.186078125 0.09517187499999999
7 0.64275 0.5880625 0.217328125 0.10510937499999999
6 0.6385 0.584515625 0.223015625 0.109375