0 0.528125 0.32578125 0.1140625 0.1015625
6 0.8203125 0.28835937500000003 0.311078125 0.30681250000000004
0 0.89609375 0.38828125 0.078125 0.103125
6 0.43537499999999996 0.20525000000000002 0.28835937500000003 0.276984375
3 0.43984375 0.12109375 0.334375 0.1796875
3 0.80078125 0.228125 0.375 0.2015625
10 0.2671875 0.63046875 0.534375 0.4296875
10 0.77109375 0.70546875 0.4578125 0.2953125
9 0.49296875 0.5109375 0.984375 0.915625
9 0.7421875 0.54921875 0.515625 0.8578125
9 0.3578125 0.48515625 0.715625 0.8546875
5 0.75 0.355828125 0.1818125 0.07528125
5 0.38493750000000004 0.25212500000000004 0.19034374999999998 0.06392187499999999