0 0.4734375 0.490625 0.0828125 0.115625
0 0.3078125 0.5734375 0.034375 0.059375
0 0.5140625 0.6921875 0.0390625 0.0765625
9 0.60234375 0.77734375 0.4078125 0.4453125
9 0.68671875 0.43671875 0.303125 0.2984375
4 0.37003125 0.28195312499999997 0.0411875 0.078125
4 0.62996875 0.41335937500000003 0.06392187499999999 0.0994375
4 0.438921875 0.62003125 0.09375 0.14346874999999998
6 0.44957812500000005 0.220171875 0.180390625 0.11364062500000001
6 0.698859375 0.355109375 0.28693749999999996 0.15909374999999998
6 0.3046875 0.49503125 0.188921875 0.12357812500000001
6 0.598015625 0.6193125 0.22159374999999998 0.15340625000000002