9 0.7448 0.5802666666666667 0.2394222222222222 0.8394222222222223
10 0.6577777777777778 0.32 0.6755555555555556 0.7377777777777778 0.7377777777777778 0.7511111111111111 0.8311111111111111 0.7422222222222222 0.8444444444444444 0.6133333333333333 0.84 0.37333333333333335 0.8 0.29333333333333333 0.7422222222222222 0.26222222222222225 0.7333333333333333 0.26222222222222225 0.7022222222222222 0.30666666666666664 0.6810035842293908 0.349820788530466 0.6711111111111111 0.3022222222222222
9 0.5684444444444444 0.47528888888888887 0.1792 0.7326222222222223
10 0.48444444444444446 0.2577777777777778 0.4666666666666667 0.36444444444444446 0.48 0.39111111111111113 0.5066666666666667 0.6311111111111111 0.5155555555555555 0.6444444444444445 0.5511111111111111 0.6577777777777778 0.6444444444444445 0.6488888888888888 0.6622222222222223 0.6355555555555555 0.6488888888888888 0.3288888888888889 0.6622222222222223 0.30666666666666664 0.6622222222222223 0.28 0.6444444444444445 0.24888888888888888 0.6133333333333333 0.2311111111111111 0.6044444444444445 0.2311111111111111 0.5866666666666667 0.27555555555555555 0.5620071684587813 0.3297491039426522 0.5422222222222223 0.28 0.5244444444444445 0.24
9 0.36631111111111114 0.4516 0.20502222222222224 0.8057333333333333
10 0.30666666666666664 0.5333333333333333 0.2881720430107526 0.5777777777777776 0.2752688172043009 0.6336917562724013 0.2795698924731184 0.6881720430107524 0.3913978494623656 0.7025089605734767 0.4444444444444444 0.6888888888888889 0.46308243727598564 0.49605734767025095 0.4711111111111111 0.25333333333333335 0.41333333333333333 0.22666666666666666 0.41577060931899634 0.2724014336917562 0.3942652329749103 0.318279569892473 0.3756272401433691 0.2853046594982078 0.35555555555555557 0.2222222222222222 0.3288888888888889 0.2311111111111111 0.31555555555555553 0.3022222222222222
9 0.18853333333333333 0.5312 0.18782222222222222 0.8100444444444445
10 0.1111111111111111 0.39111111111111113 0.1032258064516128 0.5906810035842293 0.1111111111111111 0.6666666666666666 0.10896057347670254 0.6939068100358422 0.19111111111111112 0.7377777777777778 0.22666666666666666 0.7422222222222222 0.25333333333333335 0.7244444444444444 0.27526881720430096 0.636559139784946 0.28960573476702506 0.5648745519713261 0.3022222222222222 0.48444444444444446 0.3111111111111111 0.3111111111111111 0.23555555555555555 0.3111111111111111 0.2222222222222222 0.27555555555555555 0.21333333333333335 0.27555555555555555 0.16444444444444445 0.29777777777777775 0.14222222222222222 0.32
7 0.7003555555555556 0.19497777777777778 0.10466666666666667 0.09177777777777778
2 0.6488888888888888 0.1688888888888889 0.6444444444444445 0.17333333333333334 0.6444444444444445 0.19111111111111112 0.6622222222222223 0.18222222222222223 0.7111111111111111 0.20444444444444446 0.7111111111111111 0.2088888888888889 0.7244444444444444 0.2222222222222222 0.7244444444444444 0.2311111111111111 0.7333333333333333 0.24 0.7333333333333333 0.25333333333333335 0.7466666666666667 0.25333333333333335 0.7511111111111111 0.24888888888888888 0.7511111111111111 0.21333333333333335 0.7333333333333333 0.18222222222222223 0.7022222222222222 0.16444444444444445 0.6622222222222223 0.16444444444444445
5 0.5534222222222223 0.20142222222222222 0.06306666666666666 0.03871111111111111
7 0.5576888888888889 0.1699111111111111 0.09751111111111112 0.06737777777777777
2 0.5155555555555555 0.1511111111111111 0.5111111111111111 0.16 0.5111111111111111 0.19111111111111112 0.5155555555555555 0.18666666666666668 0.5155555555555555 0.17333333333333334 0.52 0.16444444444444445 0.5333333333333333 0.15555555555555556 0.5422222222222223 0.15555555555555556 0.5466666666666666 0.1511111111111111 0.5777777777777777 0.16444444444444445 0.5777777777777777 0.1688888888888889 0.5866666666666667 0.16444444444444445 0.5822222222222222 0.16 0.5822222222222222 0.14666666666666667 0.5777777777777777 0.14222222222222222 0.5644444444444444 0.14222222222222222 0.56 0.13777777777777778 0.5511111111111111 0.14222222222222222 0.5288888888888889 0.14222222222222222
7 0.2716888888888889 0.2136 0.08746666666666666 0.06595555555555556
2 0.22666666666666666 0.2222222222222222 0.21777777777777776 0.24888888888888888 0.21777777777777776 0.26222222222222225 0.22666666666666666 0.26666666666666666 0.24444444444444444 0.26222222222222225 0.24444444444444444 0.24888888888888888 0.25333333333333335 0.24444444444444444 0.25333333333333335 0.2311111111111111 0.26666666666666666 0.21333333333333335 0.29777777777777775 0.21333333333333335 0.3111111111111111 0.2311111111111111 0.3111111111111111 0.2577777777777778 0.31555555555555553 0.2577777777777778 0.31555555555555553 0.21777777777777776 0.3111111111111111 0.20444444444444446 0.28888888888888886 0.18666666666666668 0.25333333333333335 0.18666666666666668 0.24 0.2 0.23555555555555555 0.21333333333333335
5 0.38493333333333335 0.17706666666666668 0.06164444444444444 0.015777777777777776
7 0.39355555555555555 0.14337777777777777 0.07884444444444444 0.05733333333333333
6 0.3511111111111111 0.1288888888888889 0.3511111111111111 0.14222222222222222 0.3466666666666667 0.14666666666666667 0.35555555555555557 0.16 0.4222222222222222 0.16 0.4177777777777778 0.15555555555555556 0.4177777777777778 0.14222222222222222 0.41333333333333333 0.13333333333333333 0.39111111111111113 0.11555555555555555 0.3688888888888889 0.11555555555555555
5 0.27955555555555556 0.24231111111111112 0.06595555555555556 0.020088888888888885
5 0.676711111111111 0.22364444444444445 0.054488888888888885 0.020088888888888885