0 0.4734375 0.4984375 0.071875 0.103125
0 0.3484375 0.6046875 0.0265625 0.0546875
0 0.55390625 0.66015625 0.03125 0.065625
9 0.68671875 0.76171875 0.4421875 0.475
9 0.29296875 0.61953125 0.278125 0.259375
9 0.675890625 0.39846875000000004 0.346125 0.25179687500000003
9 0.398734375 0.357796875 0.18515625 0.222546875
4 0.59321875 0.3958125 0.060078125 0.062453125
4 0.47400000000000003 0.6234531249999999 0.086703125 0.094125
4 0.34334375 0.342703125 0.05290625 0.067359375
6 0.394171875 0.26775000000000004 0.151984375 0.08096875
6 0.649859375 0.326703125 0.29118750000000004 0.09375
6 0.334515625 0.537640625 0.160515625 0.0838125
6 0.616484375 0.57528125 0.198859375 0.0880625
1 0.61434375 0.085234375 0.26278125 0.15340625000000002