0 0.478125 0.490625 0.071875 0.1015625
0 0.32578125 0.5484375 0.03125 0.053125
6 0.471875 0.6265625 0.4703125 0.6546875 0.4828125 0.66875 0.4984375 0.6578125 0.5203125 0.6578125 0.5203125 0.665625 0.5390625 0.671875 0.6140625 0.671875 0.65 0.6921875 0.6640625 0.6640625 0.6578125 0.625 0.6421875 0.6 0.60625 0.56875 0.5828125 0.5609375 0.5453125 0.5578125 0.51875 0.5671875 0.484375 0.596875
0 0.5 0.66796875 0.0390625 0.065625
9 0.5171875 0.77578125 0.440625 0.4484375
4 0.40128125 0.29403125 0.035515625 0.07670312500000001
6 0.5390625 0.3671875 0.54375 0.4390625 0.5796875 0.4671875 0.5984375 0.4640625 0.6178977272727272 0.4076704545454545 0.7171875 0.475 0.7296875 0.475 0.7703125 0.4859375 0.790625 0.503125 0.821875 0.50625 0.825 0.5015625 0.8265625 0.45625 0.8078125 0.4125 0.7671875 0.3765625 0.678125 0.3265625 0.6484375 0.3171875 0.5796875 0.3171875 0.5515625 0.3375
4 0.582390625 0.40979687499999995 0.05965625 0.098015625
4 0.396875 0.603125 0.3953125 0.621875 0.403125 0.634375 0.41875 0.640625 0.4390625 0.6359375 0.4703125 0.6078125 0.4765625 0.5921875 0.475 0.575 0.4578125 0.55625 0.43125 0.553125 0.4109375 0.5703125
3 0.125 0.509375 0.125 0.5640625 0.1671875 0.6390625 0.1796875 0.6453125 0.2015625 0.6453125 0.24375 0.621875 0.2375 0.6109375 0.215625 0.6015625 0.2046875 0.5875 0.234375 0.5375 0.2375 0.4875 0.2296875 0.478125 0.19375 0.4703125 0.1640625 0.4765625
6 0.3890625 0.2609375 0.3890625 0.2765625 0.4203125 0.2765625 0.425 0.2828125 0.4375 0.2828125 0.4703125 0.25 0.521875 0.2625 0.546875 0.2796875 0.5453125 0.2625 0.5328125 0.240625 0.5046875 0.2171875 0.4765625 0.20625 0.44375 0.2078125 0.4234375 0.2171875 0.4 0.2390625
6 0.24375 0.48125 0.2390625 0.53125 0.246875 0.5390625 0.259375 0.54375 0.2734375 0.540625 0.2796875 0.5484375 0.3 0.54375 0.3109375 0.534375 0.3296875 0.534375 0.3375 0.5484375 0.36875 0.553125 0.3984375 0.553125 0.40625 0.5453125 0.4125 0.5171875 0.4046875 0.4859375 0.3765625 0.453125 0.340625 0.4328125 0.303125 0.4296875 0.2859375 0.434375 0.25625 0.4578125