0 0.47578125 0.5 0.0703125 0.0921875
9 0.367625 0.602796875 0.160578125 0.18478125
0 0.3734375 0.603125 0.021875 0.0515625
4 0.48921875000000004 0.60496875 0.08753125 0.08840624999999999
0 0.5609375 0.634375 0.03125 0.0578125
9 0.69140625 0.7546875 0.421875 0.4875
9 0.62265625 0.40234375 0.2453125 0.2125
9 0.403796875 0.380390625 0.185453125 0.187875
4 0.34775 0.3718125 0.033671875000000004 0.0630625
4 0.567234375 0.40484375000000006 0.056484374999999996 0.052734375
6 0.617890625 0.33523437500000003 0.21590625000000002 0.073859375
6 0.613640625 0.55184375 0.15909374999999998 0.09517187499999999
6 0.363640625 0.548296875 0.133515625 0.06534375
6 0.394890625 0.30965625 0.142046875 0.06534375