0 0.4796875 0.49296875 0.065625 0.0921875
9 0.32871875 0.54246875 0.17825 0.20992187499999998
0 0.3484375 0.5578125 0.0265625 0.0484375
0 0.51328125 0.64921875 0.03125 0.059375
9 0.603875 0.6581875 0.321953125 0.230421875
9 0.43949999999999995 0.34984375 0.193921875 0.2170625
4 0.3859375 0.3046875 0.3828125 0.3359375 0.390625 0.3515625 0.403125 0.3546875 0.4171875 0.3296875 0.41875 0.3125 0.396875 0.2984375
9 0.673125 0.44353125000000004 0.26834375 0.23428125
6 0.540625 0.378125 0.54375 0.4328125 0.55625 0.44375 0.5734375 0.440625 0.590625 0.446875 0.5921875 0.4328125 0.603125 0.428125 0.615625 0.4390625 0.6328125 0.428125 0.66875 0.425 0.68125 0.4421875 0.6875 0.440625 0.696875 0.45 0.74375 0.4515625 0.765625 0.434375 0.7578125 0.4078125 0.7265625 0.3765625 0.6375 0.334375 0.58125 0.3359375 0.5515625 0.35625
4 0.5796875 0.4109375 0.5796875 0.45 0.603125 0.4625 0.61875 0.4625 0.6265625 0.41875 0.603125 0.4015625 0.584375 0.403125
6 0.3890625 0.2796875 0.384375 0.3015625 0.4078125 0.303125 0.421875 0.3109375 0.4453125 0.2921875 0.4546875 0.2765625 0.5234375 0.296875 0.5171875 0.2765625 0.503125 0.2609375 0.4609375 0.2421875 0.421875 0.246875
6 0.49375 0.5921875 0.490625 0.6078125 0.5 0.625 0.521875 0.621875 0.5390625 0.6375 0.55625 0.6421875 0.61875 0.64375 0.653125 0.634375 0.6546875 0.6171875 0.640625 0.5859375 0.621875 0.565625 0.590625 0.5484375 0.5375 0.55 0.5140625 0.565625
6 0.271875 0.509375 0.2703125 0.5171875 0.2796875 0.528125 0.325 0.540625 0.340625 0.5359375 0.41875 0.540625 0.421875 0.5328125 0.421875 0.5125 0.40625 0.484375 0.375 0.4609375 0.3484375 0.4515625 0.3234375 0.4515625 0.296875 0.4640625 0.284375 0.4765625
3 0.1609375 0.534375 0.1609375 0.5796875 0.2078125 0.653125 0.23125 0.6578125 0.253125 0.65 0.2828125 0.628125 0.2421875 0.5953125 0.2640625 0.5671875 0.265625 0.51875 0.2546875 0.5046875 0.228125 0.4984375 0.2046875 0.5015625 0.1828125 0.5109375
3 0.0265625 0.6515625 0 0.653125 0 0.86875 0.0140625 0.8703125 0.053125 0.8578125 0.0921875 0.8203125 0.10625 0.7984375 0.1109375 0.7703125 0.109375 0.7171875 0.1 0.6921875 0.071875 0.6703125
3 0.653125 0.296875 0.628125 0.3296875 0.6953125 0.35625 0.734375 0.3828125 0.7484375 0.3859375 0.765625 0.346875 0.7578125 0.3 0.7359375 0.28125 0.7109375 0.271875 0.678125 0.278125