0 0.47734375 0.50234375 0.065625 0.0828125
9 0.390625 0.60390625 0.1796875 0.19375
0 0.3953125 0.603125 0.021875 0.04375
0 0.56484375 0.61640625 0.028125 0.0515625
9 0.70625 0.746875 0.384375 0.496875
9 0.59140625 0.39921875 0.2109375 0.19375
9 0.38984375 0.38984375 0.165625 0.1546875
7 0.594453125 0.35085937500000003 0.186078125 0.07670312500000001
6 0.503125 0.35625 0.5015625 0.3765625 0.528125 0.384375 0.59375 0.3703125 0.61875 0.3796875 0.63125 0.375 0.634375 0.3796875 0.675 0.38125 0.6796875 0.375 0.6640625 0.3328125 0.6296875 0.315625 0.603125 0.3109375 0.5703125 0.309375 0.540625 0.315625 0.515625 0.3328125
7 0.610078125 0.54190625 0.149140625 0.089484375
6 0.5375 0.54375 0.5328125 0.578125 0.534375 0.590625 0.5421875 0.596875 0.5640625 0.5890625 0.603125 0.6 0.6671875 0.596875 0.6796875 0.5921875 0.6828125 0.584375 0.68125 0.559375 0.671875 0.5359375 0.653125 0.51875 0.615625 0.503125 0.5796875 0.5046875 0.55625 0.5203125
7 0.38068749999999996 0.553265625 0.136359375 0.078125
6 0.3203125 0.5484375 0.3171875 0.5875 0.353125 0.6 0.384375 0.5953125 0.3921875 0.5859375 0.403125 0.5953125 0.4109375 0.5921875 0.43125 0.5984375 0.446875 0.5921875 0.4515625 0.5765625 0.446875 0.55 0.4375 0.5359375 0.3984375 0.5171875 0.3484375 0.5203125
7 0.39631249999999996 0.32599999999999996 0.1193125 0.069609375
6 0.3265625 0.346875 0.3296875 0.3734375 0.3609375 0.3734375 0.375 0.346875 0.4015625 0.328125 0.44375 0.325 0.4375 0.315625 0.4125 0.303125 0.3765625 0.3015625 0.3453125 0.3171875
3 0.109375 0.8859375 0.109375 0.90625 0.134375 0.9390625 0.228125 0.990625 0.246875 0.9890625 0.265625 0.971875 0.28125 0.94375 0.290625 0.909375 0.284375 0.865625 0.25625 0.8203125 0.2015625 0.803125 0.16875 0.80625 0.14375 0.81875 0.1171875 0.853125
3 0.5484375 0.275 0.5390625 0.3140625 0.5875 0.3078125 0.6296875 0.3140625 0.6625 0.3265625 0.6625 0.26875 0.6375 0.234375 0.609375 0.2265625 0.5796875 0.23125 0.5578125 0.2515625
3 0.2390625 0.6359375 0.234375 0.65 0.2390625 0.6796875 0.2578125 0.7046875 0.290625 0.728125 0.315625 0.740625 0.328125 0.740625 0.3609375 0.7109375 0.36875 0.6875 0.3328125 0.68125 0.325 0.6734375 0.33125 0.6546875 0.3296875 0.6265625 0.3125 0.6015625 0.284375 0.6 0.2625 0.60625
4 0.334375 0.3765625 0.33125 0.39375 0.3375 0.409375 0.346875 0.4203125 0.3625 0.421875 0.3609375 0.3796875 0.3453125 0.3734375
4 0.5328125 0.3921875 0.53125 0.4265625 0.540625 0.4359375 0.565625 0.4359375 0.5796875 0.4296875 0.571875 0.3859375 0.5484375 0.38125