0 0.478125 0.5 0.0625 0.0828125
0 0.38671875 0.59375 0.0203125 0.04375
0 0.55546875 0.62109375 0.028125 0.0515625
9 0.6765625 0.75078125 0.3921875 0.4890625
4 0.35724999999999996 0.384234375 0.0411875 0.06392187499999999
4 0.566046875 0.41051562500000005 0.055390625000000006 0.0568125
6 0.4953125 0.359375 0.4921875 0.38125 0.5 0.3953125 0.5265625 0.396875 0.5421875 0.3890625 0.715625 0.3921875 0.7203125 0.3796875 0.7125 0.3546875 0.6859375 0.334375 0.6109375 0.3171875 0.5671875 0.315625 0.5359375 0.3234375 0.5125 0.3359375
6 0.5234375 0.575 0.521875 0.5890625 0.534375 0.6 0.55 0.5953125 0.5859375 0.60625 0.6734375 0.603125 0.6734375 0.5671875 0.665625 0.546875 0.6484375 0.53125 0.6140625 0.515625 0.5859375 0.5140625 0.559375 0.5234375 0.540625 0.5375
6 0.309375 0.546875 0.309375 0.58125 0.321875 0.59375 0.3375 0.596875 0.3546875 0.5984375 0.359375 0.590625 0.3953125 0.58125 0.415625 0.5984375 0.4375 0.5890625 0.446875 0.571875 0.4390625 0.5359375 0.4171875 0.5171875 0.3796875 0.5046875 0.3375 0.5109375 0.3140625 0.5328125
6 0.340625 0.334375 0.3421875 0.3703125 0.359375 0.3609375 0.3765625 0.365625 0.390625 0.325 0.403125 0.31875 0.459375 0.3203125 0.4296875 0.2953125 0.3875 0.2921875 0.359375 0.30625
3 0.575 0.2625 0.559375 0.309375 0.5515625 0.3140625 0.6265625 0.3171875 0.6765625 0.3265625 0.68125 0.2828125 0.6609375 0.246875 0.6390625 0.2375 0.609375 0.2375
3 0.0828125 0.8296875 0.078125 0.8765625 0.1125 0.91875 0.184375 0.9640625 0.209375 0.9625 0.228125 0.9453125 0.2515625 0.9046875 0.25625 0.8625 0.25 0.8375 0.225 0.79375 0.1875 0.778125 0.14375 0.7765625 0.1125 0.790625
3 0.2328125 0.6046875 0.2203125 0.6296875 0.2203125 0.65 0.2359375 0.6765625 0.2703125 0.7078125 0.296875 0.721875 0.3078125 0.7234375 0.3296875 0.7140625 0.3546875 0.6734375 0.325 0.66875 0.3125 0.6609375 0.3203125 0.6140625 0.309375 0.5921875 0.296875 0.5828125 0.275 0.58125 0.2484375 0.590625