0 0.48046875 0.5015625 0.0578125 0.075
9 0.39609375 0.59296875 0.1421875 0.171875
0 0.396875 0.5875 0.0203125 0.040625
0 0.5484375 0.6109375 0.025 0.0453125
9 0.66484375 0.75390625 0.359375 0.4859375
9 0.59296875 0.412578125 0.17285937499999998 0.187328125
9 0.40912499999999996 0.39765625 0.14737499999999998 0.1734375
6 0.589640625 0.552625 0.13321875 0.08059374999999999
6 0.39021875 0.543578125 0.11925 0.07071875
10 0.1984375 0.3046875 0.1953125 0.3140625 0.2140625 0.3359375 0.253125 0.3484375 0.2578125 0.3828125 0.28125 0.41875 0.29375 0.4265625 0.3171875 0.4265625 0.35 0.3921875 0.35 0.359375 0.359375 0.3328125 0.39375 0.309375 0.43125 0.309375 0.4796875 0.2640625 0.4828125 0.2515625 0.4734375 0.225 0.44296875 0.20390625 0.4234375 0.1671875 0.3828125 0.1421875 0.3609375 0.1484375 0.3203125 0.18125 0.3125 0.1953125 0.259375 0.2390625 0.2359375 0.2703125
4 0.3830625 0.39853125 0.042890625 0.054015625
6 0.420234375 0.3486875 0.108546875 0.0674375
4 0.561671875 0.423859375 0.043328125 0.056046874999999996
6 0.589640625 0.36965625 0.157890625 0.074828125
10 0.7265625 0.3671875 0.725 0.3984375 0.7515625 0.41875 0.8046875 0.415625 0.8453125 0.3984375 0.8671875 0.41875 0.909375 0.43125 0.915625 0.421875 0.91875 0.36875 0.93125 0.3390625 0.9328125 0.275 0.946875 0.225 0.95 0.16875 0.9453125 0.1578125 0.9296875 0.1453125 0.896875 0.134375 0.8598958333333334 0.146875 0.825 0.14375 0.815625 0.1296875 0.775 0.1375 0.734375 0.309375
10 0.5140625 0.871875 0.5171875 0.9203125 0.5515625 0.95 0.5859375 0.959375 0.6046875 0.971875 0.6109375 0.9984375 0.6796875 0.9984375 0.6984375 0.975 0.721875 0.959375 0.7515625 0.915625 0.821875 0.85 0.8421875 0.8171875 0.84375 0.7984375 0.815625 0.7546875 0.778125 0.7359375 0.7375 0.6953125 0.7078125 0.6859375 0.6359375 0.753125 0.6203125 0.7609375
3 0.1125 0.821875 0.1140625 0.8421875 0.1421875 0.8796875 0.2203125 0.925 0.2484375 0.9125 0.2796875 0.8484375 0.2765625 0.8203125 0.25625 0.7765625 0.2421875 0.7640625 0.19375 0.7515625 0.171875 0.753125 0.140625 0.76875 0.125 0.7875
3 0.2421875 0.6171875 0.240625 0.634375 0.2515625 0.6625 0.29375 0.7 0.3140625 0.7078125 0.328125 0.70625 0.3609375 0.671875 0.365625 0.6578125 0.3296875 0.6453125 0.3359375 0.6046875 0.3203125 0.578125 0.2890625 0.575 0.2734375 0.5796875 0.253125 0.596875
3 0.553125 0.321875 0.5546875 0.3328125 0.6203125 0.3375 0.659375 0.3578125 0.6671875 0.31875 0.665625 0.290625 0.6515625 0.26875 0.628125 0.2578125 0.6015625 0.2578125 0.575 0.2734375