0 0.4828125 0.49765625 0.053125 0.075
9 0.38671875 0.553125 0.1375 0.203125
0 0.384375 0.56875 0.0203125 0.040625
0 0.52890625 0.61796875 0.025 0.0484375
9 0.61875 0.76015625 0.34375 0.471875
9 0.44375 0.3875 0.153125 0.1921875
9 0.6140625 0.44765625 0.203125 0.2125
10 0.7515625 0.4 0.7421875 0.4421875 0.759375 0.4609375 0.81875 0.4703125 0.85625 0.459375 0.884375 0.490625 0.90625 0.5015625 0.9203125 0.5 0.9296875 0.4625 0.9546875 0.409375 0.959375 0.36875 0.9890625 0.303125 0.9984375 0.271875 0.9984375 0.240625 0.9578125 0.2109375 0.9109375 0.215625 0.8796875 0.2015625 0.871875 0.1890625 0.83125 0.1921875
10 0.234375 0.2578125 0.2328125 0.26875 0.2484375 0.290625 0.2828125 0.309375 0.2828125 0.346875 0.3015625 0.384375 0.315625 0.39375 0.334375 0.3953125 0.3703125 0.36875 0.3765625 0.3328125 0.39375 0.309375 0.434375 0.2921875 0.4703125 0.3 0.5203125 0.265625 0.525 0.246875 0.5125 0.2171875 0.490625 0.19375 0.48125 0.15625 0.45625 0.1328125 0.434375 0.128125 0.3921875 0.146875 0.34375 0.1875 0.30625 0.2046875
10 0.4421875 0.8875 0.4421875 0.9140625 0.4515625 0.9328125 0.48125 0.9609375 0.503125 0.9703125 0.5203125 0.9984375 0.628125 0.9984375 0.68125 0.9484375 0.7484375 0.9078125 0.7828125 0.871875 0.7859375 0.8515625 0.7671875 0.80625 0.7296875 0.7765625 0.7109375 0.74375 0.69375 0.728125 0.6671875 0.71875 0.50625 0.825 0.4984375 0.8375 0.45625 0.8609375
3 0.2265625 0.56875 0.2203125 0.58125 0.2265625 0.6109375 0.259375 0.653125 0.26875 0.65625 0.309375 0.621875 0.30625 0.6171875 0.31875 0.5734375 0.3140625 0.5546875 0.303125 0.54375 0.2640625 0.5390625 0.240625 0.5515625
3 0.075 0.7265625 0.059375 0.7640625 0.0828125 0.8125 0.146875 0.86875 0.1609375 0.8703125 0.184375 0.85625 0.2171875 0.815625 0.2234375 0.796875 0.221875 0.765625 0.20625 0.725 0.159375 0.696875 0.1234375 0.69375 0.0984375 0.703125
3 0.603125 0.3 0.58125 0.3375 0.5828125 0.3453125 0.6265625 0.3515625 0.6890625 0.3796875 0.6984375 0.3203125 0.6859375 0.2953125 0.665625 0.2828125 0.6375 0.2796875
6 0.43790625 0.336765625 0.11101562499999999 0.0830625
6 0.6155468749999999 0.3935 0.18503125 0.097859375
6 0.569484375 0.574828125 0.152140625 0.09539062499999999
6 0.381578125 0.5263125 0.1200625 0.090453125