0 0.4859375 0.49375 0.053125 0.075
9 0.3609375 0.51875 0.153125 0.16875
0 0.3734375 0.5359375 0.021875 0.0390625
0 0.49765625 0.62265625 0.0265625 0.0484375
9 0.5140625 0.76796875 0.3484375 0.4609375
9 0.61953125 0.51328125 0.1828125 0.2796875
9 0.47265625 0.38046875 0.1484375 0.146875
10 0.75625 0.4875 0.75 0.5125 0.759375 0.53125 0.8109375 0.5515625 0.840625 0.5515625 0.85625 0.5578125 0.8671875 0.584375 0.890625 0.60625 0.9046875 0.609375 0.959375 0.5359375 0.98125 0.4859375 0.9984375 0.465625 0.9984375 0.3390625 0.9578125 0.325 0.9453125 0.3140625 0.9390625 0.2953125 0.896875 0.290625
10 0.303125 0.2 0.3015625 0.2140625 0.3140625 0.2390625 0.3375 0.2625 0.33125 0.28125 0.3359375 0.3328125 0.359375 0.3546875 0.375 0.3546875 0.403125 0.3421875 0.4296875 0.296875 0.453125 0.284375 0.4921875 0.2828125 0.5234375 0.296875 0.575 0.28125 0.5890625 0.26875 0.590625 0.23125 0.571875 0.2078125 0.5703125 0.1625 0.5421875 0.1265625 0.4828125 0.1328125 0.4296875 0.1578125 0.384375 0.1640625
10 0.3453125 0.8484375 0.3390625 0.8671875 0.340625 0.9 0.35625 0.9328125 0.396875 0.9625 0.3921875 0.9984375 0.5234375 0.9984375 0.55625 0.9796875 0.6109375 0.9671875 0.6578125 0.9453125 0.684375 0.915625 0.678125 0.865625 0.6484375 0.8234375 0.640625 0.7890625 0.6125 0.75625 0.4765625 0.7953125 0.440625 0.815625 0.3796875 0.83125
3 0.0078125 0.634375 0.0125 0.690625 0.0640625 0.765625 0.0890625 0.76875 0.1109375 0.759375 0.15625 0.7171875 0.1609375 0.7 0.159375 0.640625 0.13125 0.6078125 0.115625 0.5984375 0.0921875 0.590625 0.0625 0.5921875 0.0328125 0.60625
3 0.6234375 0.3609375 0.621875 0.371875 0.6890625 0.4109375 0.7078125 0.434375 0.734375 0.396875 0.7375 0.375 0.73125 0.3484375 0.71875 0.334375 0.6921875 0.3234375 0.6515625 0.3328125
3 0.2078125 0.5078125 0.2078125 0.540625 0.2296875 0.590625 0.24375 0.60625 0.271875 0.6109375 0.30625 0.590625 0.30625 0.5828125 0.2890625 0.5703125 0.30625 0.5109375 0.303125 0.496875 0.2921875 0.4859375 0.275 0.478125 0.2453125 0.4796875 0.228125 0.4875
4 0.42928125 0.35403125 0.0361875 0.06496874999999999
4 0.590453125 0.45599999999999996 0.039468750000000004 0.07976562499999999