9 0.83359375 0.56328125 0.303125 0.871875
9 0.17890625 0.59921875 0.2984375 0.79375
9 0.603125 0.6359375 0.203125 0.725
9 0.35028125 0.617296875 0.13804687499999999 0.75646875
9 0.65703125 0.31796875 0.1234375 0.3640625
9 0.46171875 0.37734375 0.125 0.2578125
9 0.953125 0.85546875 0.0921875 0.2890625
9 0.23390624999999998 0.58540625 0.167828125 0.8291875
4 0.110203125 0.313578125 0.036546875 0.071609375
6 0.134375 0.2445 0.14375 0.10010937499999999
7 0.14150000000000001 0.250796875 0.137203125 0.0993125
6 0.262546875 0.211015625 0.134625 0.09909375000000001
7 0.260515625 0.19559375 0.1560625 0.10300000000000001
6 0.361375 0.294109375 0.11753125 0.09864062500000001
7 0.367875 0.28495312500000003 0.12884374999999998 0.10809375000000002
6 0.47275 0.2986875 0.10310937499999999 0.097359375
7 0.47240624999999997 0.287484375 0.12464062499999999 0.10968750000000001
6 0.56465625 0.309859375 0.10332812499999999 0.08151562500000001
7 0.5801875 0.30015625 0.12434375 0.089890625
6 0.65303125 0.18226562500000001 0.12798437499999998 0.11453125
7 0.6501718750000001 0.183140625 0.130203125 0.11975
8 0.7815000000000001 0.293265625 0.065453125 0.06221875
6 0.7788125 0.23679687500000002 0.08821875 0.053453125000000004
7 0.7926249999999999 0.183640625 0.133515625 0.09990625
5 0.162234375 0.30476562500000004 0.08871875 0.047031250000000004
4 0.21025 0.28846875 0.027437499999999997 0.049171875
4 0.30184375 0.271171875 0.031734374999999995 0.04234375
8 0.274078125 0.6023125 0.155796875 0.471984375
4 0.328703125 0.367140625 0.043984375 0.057203125
8 0.473796875 0.633421875 0.146140625 0.43004687500000005
4 0.5335 0.381078125 0.030234375 0.060765625000000004
8 0.674390625 0.575296875 0.16509374999999998 0.504765625
5 0.641734375 0.2555625 0.095 0.045859375
5 0.69121875 0.254296875 0.044625 0.07109375
5 0.25740625 0.254328125 0.092828125 0.03990625
8 0.365953125 0.656234375 0.15003125 0.43746875
5 0.383234375 0.33034375 0.09812499999999999 0.049578125
5 0.46656250000000005 0.34195312499999997 0.08075 0.04503125
5 0.580453125 0.365875 0.09603125 0.04425
8 0.14385937499999998 0.650109375 0.23565624999999998 0.45646875
8 0.58434375 0.6782812500000001 0.22365624999999997 0.40171875