9 0.07912587412587412 0.5710227272727273 0.15821678321678323 0.8579545454545454
10 0.013986013986013986 0.4090909090909091 0 0.4431818181818182 0 0.8693181818181818 0.027972027972027972 0.9545454545454546 0.027972027972027972 0.9943181818181818 0.10139860139860139 0.9943181818181818 0.13286713286713286 0.6818181818181818 0.1258741258741259 0.6590909090909091 0.13286713286713286 0.5909090909090909 0.13986013986013987 0.5852272727272727 0.13636363636363635 0.48295454545454547 0.14335664335664336 0.4772727272727273 0.14335664335664336 0.45454545454545453 0.12937062937062938 0.4034090909090909 0.11888111888111888 0.39204545454545453 0.08041958041958042 0.4034090909090909 0.06993006993006994 0.3693181818181818 0.045454545454545456 0.3693181818181818
9 0.2631118881118881 0.5653409090909091 0.15384615384615385 0.7926136363636364
10 0.1958041958041958 0.3693181818181818 0.19230769230769232 0.4602272727272727 0.20279720279720279 0.4772727272727273 0.21678321678321677 0.6079545454545454 0.21328671328671328 0.6647727272727273 0.2972027972027972 0.6647727272727273 0.3041958041958042 0.6477272727272727 0.3006993006993007 0.5113636363636364 0.32167832167832167 0.4602272727272727 0.3181818181818182 0.3806818181818182 0.3041958041958042 0.3352272727272727 0.3076923076923077 0.3068181818181818 0.25524475524475526 0.30113636363636365 0.2517482517482518 0.2897727272727273 0.24125874125874125 0.2897727272727273 0.23426573426573427 0.3068181818181818 0.21328671328671328 0.32386363636363635
9 0.5957342657342657 0.5610795454545454 0.14423076923076922 0.8778409090909091
10 0.5594405594405595 0.4147727272727273 0.5524475524475524 0.7556818181818182 0.5944055944055944 0.7840909090909091 0.6433566433566433 0.7840909090909091 0.6573426573426573 0.7670454545454546 0.6678321678321678 0.5284090909090909 0.6608391608391608 0.5170454545454546 0.6573426573426573 0.4715909090909091 0.6818181818181818 0.4375 0.6748251748251748 0.36363636363636365 0.6608391608391608 0.3352272727272727 0.6328671328671329 0.3068181818181818 0.6013986013986014 0.3352272727272727 0.5769230769230769 0.3409090909090909
9 0.8361188811188811 0.5426136363636364 0.3277972027972028 0.9147727272727273
10 0.6818181818181818 0.6590909090909091 0.6783216783216783 0.7556818181818182 0.6853146853146853 0.7897727272727273 0.6993006993006993 0.8068181818181818 0.7027972027972028 0.8409090909090909 0.701048951048951 0.8707386363636364 0.6993006993006993 0.9786931818181818 0.7202797202797203 0.9943181818181818 0.8636363636363636 0.9943181818181818 0.8671328671328671 0.9772727272727273 0.8496503496503497 0.9488636363636364 0.7237762237762237 0.6022727272727273 0.7062937062937062 0.5738636363636364 0.6888111888111889 0.6136363636363636
10 0.7517482517482518 0.4715909090909091 0.7377622377622378 0.5340909090909091 0.7412587412587412 0.5738636363636364 0.8741258741258742 0.9943181818181818 0.9335664335664335 0.9943181818181818 0.9921328671328671 0.9971590909090909 1 0.9460227272727273 0.9702797202797203 0.8110795454545454 0.993006993006993 0.7769886363636364 0.9895104895104895 0.7144886363636364 0.9816433566433567 0.6633522727272727 0.9947552447552448 0.48295454545454547 0.9458041958041958 0.4772727272727273 0.9055944055944056 0.44886363636363635 0.8916083916083916 0.4318181818181818 0.8566433566433567 0.48863636363636365 0.8146853146853147 0.48295454545454547 0.8111888111888111 0.44886363636363635 0.8006993006993007 0.4375
6 0.04895104895104895 0.23863636363636365 0.04195804195804196 0.2727272727272727 0.04195804195804196 0.3409090909090909 0.04895104895104895 0.3522727272727273 0.05944055944055944 0.3522727272727273 0.06643356643356643 0.3465909090909091 0.06993006993006994 0.32386363636363635 0.07342657342657342 0.27698863636363635 0.10314685314685315 0.2556818181818182 0.12762237762237763 0.2940340909090909 0.11538461538461539 0.3409090909090909 0.12937062937062938 0.3352272727272727 0.13286713286713286 0.3181818181818182 0.13286713286713286 0.2556818181818182 0.12937062937062938 0.25 0.12937062937062938 0.23295454545454544 0.1258741258741259 0.2215909090909091 0.10839160839160839 0.19318181818181818 0.1048951048951049 0.19318181818181818 0.0979020979020979 0.18181818181818182 0.08041958041958042 0.18181818181818182 0.055944055944055944 0.2159090909090909
6 0.2517482517482518 0.21022727272727273 0.24825174825174826 0.24431818181818182 0.26048951048951047 0.2215909090909091 0.27884615384615385 0.22727272727272727 0.2902097902097902 0.24431818181818182 0.2972027972027972 0.22727272727272727 0.2937062937062937 0.21022727272727273 0.2867132867132867 0.19886363636363635 0.26223776223776224 0.19886363636363635
6 0.7902097902097902 0.21022727272727273 0.7867132867132867 0.2215909090909091 0.7867132867132867 0.2897727272727273 0.7902097902097902 0.29545454545454547 0.7972027972027972 0.29545454545454547 0.7937062937062938 0.26136363636363635 0.8111888111888111 0.23295454545454544 0.8251748251748252 0.2215909090909091 0.8636363636363636 0.2215909090909091 0.8671328671328671 0.22727272727272727 0.8741258741258742 0.22727272727272727 0.8846153846153846 0.2727272727272727 0.8916083916083916 0.2727272727272727 0.8951048951048951 0.26704545454545453 0.8986013986013986 0.2215909090909091 0.8846153846153846 0.19318181818181818 0.8706293706293706 0.18181818181818182 0.8601398601398601 0.17613636363636365 0.8216783216783217 0.17613636363636365 0.8006993006993007 0.19318181818181818
6 0.6153846153846154 0.17613636363636365 0.5979020979020979 0.17613636363636365 0.5979020979020979 0.18181818181818182 0.6153846153846154 0.1875 0.6223776223776224 0.19886363636363635 0.6223776223776224 0.23295454545454544 0.6328671328671329 0.23295454545454544 0.6328671328671329 0.20454545454545456 0.6293706293706294 0.19318181818181818