1 0.4390625 0.12734375 0.14375 0.1
10 0.7859375 0.42890625 0.271875 0.4609375
3 0.3453125 0.67734375 0.03125 0.0359375
3 0.16953125 0.6765625 0.0328125 0.034375
3 0.23515625 0.69140625 0.025 0.034375
10 0.2796875 0.74296875 0.06875 0.134375
3 0.01171875 0.72890625 0.0234375 0.1390625
10 0.29609375 0.7578125 0.0296875 0.0953125
10 0.09765625 0.734375 0.053125 0.1359375
10 0.1640625 0.75234375 0.0609375 0.121875
10 0.07265625 0.74140625 0.0328125 0.0734375
10 0.228125 0.7765625 0.0546875 0.121875
10 0.24609375 0.77890625 0.0265625 0.075
10 0.340625 0.790625 0.0765625 0.1609375
10 0.1890625 0.77890625 0.01875 0.05
10 0.20390625 0.7828125 0.0203125 0.0640625
10 0.13984375 0.77890625 0.0171875 0.053125
10 0.3078125 0.8328125 0.0234375 0.075
10 0.36484375 0.84296875 0.0296875 0.0671875
9 0.371875 0.3234375 0.55625 0.646875
9 0.3453125 0.83671875 0.0828125 0.3265625
9 0.28046875 0.8125 0.071875 0.3078125
9 0.09765625 0.79609375 0.065625 0.271875
9 0.16875 0.79921875 0.0625 0.271875
9 0.23046875 0.81484375 0.065625 0.265625
9 0.79140625 0.2671875 0.28125 0.3359375
9 0.9109375 0.82890625 0.1765625 0.3359375
9 0.015625 0.80625 0.03125 0.2875