1 0.34453125 0.15546875 0.1640625 0.134375
10 0.7578125 0.35703125 0.38125 0.515625
3 0.39609375 0.71171875 0.0390625 0.0421875
3 0.2265625 0.75625 0.040625 0.0421875
3 0.29375 0.753125 0.0328125 0.0390625
10 0.35 0.79140625 0.1015625 0.146875
3 0.0875 0.84765625 0.059375 0.140625
10 0.36953125 0.8015625 0.053125 0.1
10 0.171875 0.83046875 0.0859375 0.1453125
10 0.240625 0.83046875 0.090625 0.1328125
10 0.15 0.84375 0.05 0.0796875
10 0.30859375 0.8375 0.084375 0.13125
10 0.3265625 0.83515625 0.0453125 0.0796875
10 0.42109375 0.821875 0.115625 0.175
10 0.271875 0.85 0.03125 0.053125
10 0.2875 0.85 0.0359375 0.0671875
10 0.22421875 0.8625 0.0296875 0.05625
10 0.40078125 0.87109375 0.0421875 0.078125
10 0.45859375 0.86640625 0.0453125 0.071875
9 0.76484375 0.33203125 0.428125 0.5859375
9 0.940625 0.22421875 0.1171875 0.446875
9 0.721875 0.22109375 0.334375 0.3640625
4 0.728125 0.090625 0.721875 0.128125 0.7359375 0.1578125 0.7546875 0.134375 0.75625 0.1046875 0.746875 0.0859375
7 0.68175 0.05715625 0.157890625 0.040296874999999996