0 0.4404363636363636 0.6637158469945355 0.30319999999999997 0.5143169398907104
0 0.8543272727272727 0.7362841530054646 0.2913454545454546 0.527431693989071
0 0.6473090909090908 0.5065027322404372 0.13621818181818182 0.4089071038251366
0 0.19574545454545453 0.5196174863387978 0.10581818181818183 0.2427322404371585
7 0.5114181818181818 0.3785245901639344 0.11465454545454545 0.09437158469945355
7 0.7559636363636363 0.45814207650273225 0.10047272727272727 0.12415300546448087
3 0.5955272727272728 0.33939890710382514 0.06752727272727273 0.10967213114754099
2 0.4917818181818182 0.24453551912568305 0.14461818181818184 0.1
2 0.7904727272727272 0.3219125683060109 0.15487272727272727 0.16213114754098362
6 0.6202545454545454 0.2421311475409836 0.1112 0.11180327868852459
2 0.1985090909090909 0.3221311475409836 0.09796363636363636 0.06371584699453552
2 0.3352727272727273 0.343551912568306 0.12010909090909092 0.10486338797814208
1 0.36741818181818187 0.7091803278688524 0.11167272727272727 0.22404371584699453
1 0.5253818181818182 0.8484153005464481 0.10767272727272727 0.16595628415300548
1 0.7456727272727273 0.8646448087431693 0.19327272727272726 0.2245355191256831