2 0.31938181818181816 0.2701092896174863 0.1262181818181818 0.13278688524590165
2 0.49934545454545454 0.17546448087431693 0.09920000000000001 0.12267759562841529
2 0.6908 0.542568306010929 0.16796363636363634 0.1618032786885246
2 0.42356363636363636 0.027213114754098364 0.11345454545454545 0.044754098360655734
1 0.510109090909091 0.5801639344262295 0.12192727272727273 0.14612021857923496
1 0.6116727272727273 0.8764480874316939 0.10276363636363636 0.14841530054644808
1 0.4058181818181818 0.562896174863388 0.06047272727272727 0.09316939890710382
1 0.13112727272727273 0.604207650273224 0.08134545454545455 0.11901639344262295
3 0.30876363636363635 0.3770491803278688 0.07298181818181819 0.07994535519125684
3 0.5008 0.27950819672131144 0.11029090909090908 0.10704918032786885
3 0.7053454545454545 0.6695628415300546 0.09229090909090909 0.13174863387978142
0 0.2756 0.42846994535519123 0.18352727272727273 0.31306010928961747
0 0.5639636363636363 0.3565027322404371 0.1934909090909091 0.32049180327868854
0 0.8816727272727273 0.7162295081967213 0.21923636363636365 0.5143715846994535
3 0.40756363636363635 0.08491803278688524 0.08029090909090908 0.08327868852459017