2 0.30996138996138994 0.2634536082474227 0.09223938223938224 0.06871134020618556
2 0.45366795366795365 0.31572164948453607 0.07293436293436294 0.06443298969072164
2 0.06756756756756757 0.39448453608247425 0.13513513513513514 0.14175257731958762
2 0.2273745173745174 0.4453092783505155 0.07293436293436294 0.09737113402061856
2 0.17054054054054055 0.8601030927835053 0.29386100386100383 0.2797938144329897
2 0.9413513513513514 0.513298969072165 0.11733590733590733 0.15891752577319587
2 0.7984942084942085 0.36943298969072164 0.13833976833976833 0.07731958762886598
5 0.7764864864864865 0.7760824742268041 0.0815057915057915 0.08020618556701031
5 0.8354826254826254 0.7023195876288659 0.11799227799227799 0.0959278350515464
5 0.7303861003861003 0.6171134020618556 0.14586872586872587 0.10020618556701032
5 0.6938996138996139 0.45963917525773196 0.07938223938223937 0.09164948453608247