9 0.2812071330589849 0.3233333333333333 0.1262002743484225 0.24133333333333334
9 0.23251028806584362 0.762 0.3058984910836763 0.33466666666666667
9 0.11179698216735254 0.754 0.22359396433470508 0.4146666666666667
10 0.20781893004115226 0.3293333333333333 0.20713305898491083 0.338 0.21056241426611796 0.34933333333333333 0.2139917695473251 0.356 0.22016460905349794 0.3586666666666667 0.22290809327846364 0.36733333333333335 0.21810699588477367 0.39866666666666667 0.2187928669410151 0.44266666666666665 0.22290809327846364 0.44466666666666665 0.2674897119341564 0.44533333333333336 0.31893004115226337 0.444 0.31893004115226337 0.372 0.3374485596707819 0.36533333333333334 0.34224965706447186 0.3453333333333333 0.3388203017832647 0.314 0.32647462277091904 0.292 0.3196159122085048 0.286 0.29835390946502055 0.2773333333333333 0.29149519890260633 0.27 0.2887517146776406 0.2753333333333333 0.2764060356652949 0.2846666666666667 0.26337448559670784 0.27 0.2242798353909465 0.288
9 0.7750342935528121 0.242 0.32647462277091904 0.356
7 0.2887517146776406 0.22 0.06721536351165981 0.032
2 0.25651577503429357 0.22066666666666668 0.2544581618655693 0.22466666666666665 0.2558299039780521 0.24133333333333334 0.2599451303155007 0.24133333333333334 0.267946959304984 0.23355555555555554 0.2832647462277092 0.23 0.29835390946502055 0.24666666666666667 0.3058984910836763 0.23533333333333334 0.3045267489711934 0.224 0.2832647462277092 0.21066666666666667 0.2716049382716049 0.21066666666666667
6 0.654320987654321 0.142 0.6536351165980796 0.15333333333333332 0.659122085048011 0.15666666666666668 0.6618655692729767 0.16333333333333333 0.6646090534979424 0.15666666666666668 0.6844993141289437 0.14933333333333335 0.7057613168724279 0.148 0.7126200274348422 0.14533333333333334 0.7496570644718793 0.17333333333333334 0.7551440329218106 0.19933333333333333 0.7599451303155007 0.20866666666666667 0.7784636488340192 0.23066666666666666 0.7832647462277091 0.23066666666666666 0.7949245541838135 0.216 0.7921810699588477 0.20066666666666666 0.7976680384087792 0.19266666666666668 0.7818930041152263 0.17666666666666667 0.7716049382716049 0.148 0.7606310013717421 0.138 0.7537722908093278 0.12333333333333334 0.7434842249657064 0.11533333333333333 0.7126200274348422 0.104 0.6851851851851852 0.10466666666666667 0.6707818930041153 0.11533333333333333
7 0.2661179698216735 0.64 0.14540466392318244 0.08533333333333333
2 0.200960219478738 0.644 0.19684499314128945 0.6566666666666666 0.19684499314128945 0.6853333333333333 0.2030178326474623 0.6893333333333334 0.2037037037037037 0.6933333333333334 0.20781893004115226 0.6933333333333334 0.23799725651577502 0.6766666666666666 0.2654320987654321 0.6666666666666666 0.29835390946502055 0.6486666666666666 0.31412894375857336 0.6513333333333333 0.3223593964334705 0.666 0.32853223593964337 0.6633333333333333 0.3319615912208505 0.6553333333333333 0.3271604938271605 0.628 0.31893004115226337 0.6153333333333333 0.3017832647462277 0.6006666666666667 0.2722908093278464 0.5913333333333334 0.25102880658436216 0.592 0.22839506172839505 0.6033333333333334 0.21262002743484226 0.6213333333333333
7 0.102880658436214 0.5986666666666667 0.19478737997256515 0.09333333333333334
2 0.008916323731138546 0.5506666666666666 0.006858710562414266 0.5526666666666666 0.006858710562414266 0.5666666666666667 0.009602194787379973 0.5733333333333334 0.019890260631001373 0.5706666666666667 0.051440329218107 0.576 0.08024691358024691 0.576 0.0953360768175583 0.5853333333333334 0.102880658436214 0.586 0.12277091906721536 0.5953333333333334 0.13443072702331962 0.596 0.14746227709190673 0.6026666666666667 0.16872427983539096 0.6193333333333333 0.1673525377229081 0.6353333333333333 0.1728395061728395 0.6406666666666667 0.19410150891632372 0.6186666666666667 0.19958847736625515 0.5946666666666667 0.19272976680384088 0.5593333333333333 0.18655692729766804 0.552 0.1700960219478738 0.55
10 0.006172839506172839 0.642 0.00411522633744856 0.658 0.006172839506172839 0.6713333333333333 0.0027434842249657062 0.684 0 0.684 0 0.71 0.006858710562414266 0.7213333333333334 0.006858710562414266 0.932 0.17626886145404663 0.9313333333333333 0.1776406035665295 0.9133333333333333 0.17146776406035666 0.9026666666666666 0.15775034293552812 0.8906666666666667 0.13237311385459533 0.8753333333333333 0.09396433470507544 0.8653333333333333 0.07887517146776406 0.8586666666666667 0.05555555555555555 0.8333333333333334 0.04526748971193416 0.8113333333333334 0.0411522633744856 0.7833333333333333 0.029492455418381344 0.7486666666666667 0.025377229080932786 0.7 0.01577503429355281 0.654 0.009602194787379973 0.6393333333333333
10 0.07818930041152264 0.7893333333333333 0.08024691358024691 0.826 0.08710562414266118 0.8506666666666667 0.09602194787379972 0.8626666666666667 0.1364883401920439 0.8746666666666667 0.14609053497942387 0.8806666666666667 0.15089163237311384 0.8753333333333333 0.16323731138545952 0.8733333333333333 0.1755829903978052 0.8673333333333333 0.19958847736625515 0.8653333333333333 0.2167352537722908 0.8746666666666667 0.22359396433470508 0.884 0.22565157750342935 0.9206666666666666 0.23319615912208505 0.924 0.2729766803840878 0.9213333333333333 0.2812071330589849 0.918 0.2839506172839506 0.9093333333333333 0.2997256515775034 0.8886666666666667 0.3065843621399177 0.8826666666666667 0.3168724279835391 0.8806666666666667 0.3607681755829904 0.8293333333333334 0.3635116598079561 0.822 0.3230452674897119 0.8173333333333334 0.31893004115226337 0.8106666666666666 0.32510288065843623 0.8013333333333333 0.3292181069958848 0.798 0.3449931412894376 0.7966666666666666 0.345679012345679 0.792 0.3381344307270233 0.7793333333333333 0.3299039780521262 0.774 0.3216735253772291 0.7633333333333333 0.29835390946502055 0.7466666666666667 0.2887517146776406 0.7493333333333333 0.2757201646090535 0.758 0.262002743484225 0.7573333333333333 0.25925925925925924 0.764 0.24417009602194786 0.7713333333333333 0.23388203017832648 0.7666666666666667 0.23251028806584362 0.7633333333333333 0.2222222222222222 0.7613333333333333 0.21193415637860083 0.752 0.1934156378600823 0.724 0.19135802469135801 0.7173333333333334 0.1934156378600823 0.7033333333333334 0.1886145404663923 0.7046666666666667 0.17969821673525377 0.7173333333333334 0.16941015089163236 0.7166666666666667 0.15363511659807957 0.7286666666666667 0.12482853223593965 0.7333333333333333 0.102880658436214 0.7433333333333333 0.0953360768175583 0.75 0.0877914951989026 0.7633333333333333
8 0.6262002743484225 0.31866666666666665 0.6262002743484225 0.34 0.6310013717421125 0.3453333333333333 0.6502057613168725 0.38866666666666666 0.6577503429355281 0.3993333333333333 0.6714677640603567 0.384 0.6728395061728395 0.37866666666666665 0.6851851851851852 0.37 0.6893004115226338 0.36133333333333334 0.6968449931412894 0.358 0.7085048010973937 0.362 0.7098765432098766 0.35933333333333334 0.7160493827160493 0.358 0.720164609053498 0.364 0.7229080932784636 0.376 0.733196159122085 0.38333333333333336 0.7359396433470508 0.3953333333333333 0.742798353909465 0.382 0.7510288065843621 0.376 0.7620027434842249 0.37133333333333335 0.7908093278463649 0.36933333333333335 0.8182441700960219 0.38133333333333336 0.8292181069958847 0.382 0.8518518518518519 0.39 0.8580246913580247 0.3953333333333333 0.8641975308641975 0.41 0.8765432098765432 0.406 0.8909465020576132 0.3893333333333333 0.9279835390946503 0.3393333333333333 0.9320987654320988 0.32866666666666666 0.9272976680384087 0.29933333333333334 0.9197530864197531 0.286 0.8786008230452675 0.25066666666666665 0.8532235939643347 0.22466666666666665 0.836076817558299 0.22066666666666668 0.8278463648834019 0.21133333333333335 0.8168724279835391 0.20733333333333334 0.8058984910836763 0.20866666666666667 0.7846364883401921 0.23866666666666667 0.7709190672153635 0.228 0.7606310013717421 0.23133333333333334 0.7434842249657064 0.23133333333333334 0.7373113854595336 0.23466666666666666 0.7078189300411523 0.228 0.6893004115226338 0.21466666666666667 0.6700960219478738 0.232 0.6563786008230452 0.25533333333333336 0.6406035665294925 0.29533333333333334
5 0.6989026063100137 0.18666666666666668 0.056241426611796985 0.024
7 0.7085048010973937 0.12666666666666668 0.1111111111111111 0.064
4 0.7503429355281207 0.16333333333333333 0.027434842249657063 0.04666666666666667