9 0.1819375 0.5 0.35833333333333334 1
6 0.21735416666666665 0.18472916666666667 0.23472916666666668 0.3416666666666667
3 0.2555625 0.13402083333333334 0.2555625 0.24860416666666665
9 0.44583333333333336 0.5180625 0.40277083333333336 0.9638958333333334
6 0.4895833333333333 0.26735416666666667 0.19027083333333333 0.3763958333333333
3 0.4986041666666667 0.2 0.20833333333333334 0.20833333333333334
9 0.8104166666666667 0.5479166666666667 0.37916666666666665 0.9041666666666667
6 0.7805625 0.30833333333333335 0.2861041666666667 0.31943750000000004
3 0.76875 0.2631875 0.24306250000000001 0.2180625
1 0.7680625 0.3736041666666667 0.19443749999999999 0.06110416666666666
1 0.4923541666666667 0.29306249999999995 0.17916666666666667 0.11110416666666666
1 0.23264583333333333 0.23402083333333332 0.20139583333333333 0.09860416666666666