0 0.41015625 0.7046875 0.1328125 0.0671875
0 0.3890625 0.36640625 0.134375 0.0546875
9 0.5046875 0.49765625 0.984375 0.9953125
9 0.671875 0.49765625 0.653125 0.9953125
9 0.5046875 0.66015625 0.9671875 0.66875
0 0.328125 0.3546875 0.3265625 0.3671875 0.3375 0.3828125 0.40624999999999983 0.39309210526315796 0.45 0.3859375 0.4546875 0.3796875 0.4453125 0.3640625 0.421875 0.35 0.359375 0.3421875
0 0.3578125 0.7078125 0.3546875 0.71875 0.3609375 0.7296875 0.396875 0.7328125 0.4546875 0.7109375 0.4703125 0.6984375 0.475 0.6859375 0.471875 0.6796875 0.4546875 0.6796875 0.42351973684210514 0.678453947368421 0.403125 0.6875 0.3734375 0.6953125
3 0.2138671875 0.365234375 0.1357421875 0.39453125 0.091796875 0.4345703125 0.0546875 0.5068359375 0.03125 0.5283203125 0.025390625 0.5615234375 0.046875 0.6083984375 0.1396484375 0.7109375 0.1669921875 0.728515625 0.283203125 0.7470703125 0.291015625 0.7333984375 0.259765625 0.7021484375 0.23046875 0.5498046875 0.236328125 0.3857421875 0.24609375 0.3525390625 0.259765625 0.3408203125 0.2470703125 0.337890625
8 0.5703125 0.39375 0.5671875 0.403125 0.571875 0.40625 0.621875 0.3984375 0.6671875 0.4125 0.6765625 0.409375 0.6984375 0.425 0.7484375 0.5046875 0.7203125 0.5640625 0.721875 0.5875 0.6890625 0.621875 0.64375 0.6421875 0.6 0.646875 0.5828125 0.6421875 0.575 0.65 0.6453125 0.7 0.6640625 0.746875 0.6890625 0.7828125 0.709375 0.834375 0.7671875 0.9390625 0.8046875 0.9703125 0.853125 0.9984375 0.9984375 0.9984375 0.9984375 0 0.9078125 0 0.8390625 0.0265625 0.753125 0.0765625 0.740625 0.0890625 0.696875 0.171875 0.671875 0.2625 0.6484375 0.296875 0.6234375 0.353125 0.5859375 0.3765625
9 0.7796875 0.5 0.4390625 1
5 0.31825000000000003 0.5575625 0.146375 0.327296875