2 0.13671875 0.2765625 0.2234375 0.3
2 0.4421875 0.30546875 0.096875 0.2390625
2 0.59609375 0.34609375 0.1390625 0.2328125
2 0.72734375 0.38984375 0.1 0.1234375
2 0.8046875 0.32578125 0.10625 0.1796875
9 0.13828125 0.571875 0.275 0.853125
9 0.6125 0.52578125 0.2109375 0.5359375
9 0.4359375 0.4203125 0.178125 0.334375
9 0.83046875 0.43828125 0.1328125 0.3125
7 0.128546875 0.199578125 0.1775625 0.098015625
7 0.4296875 0.28693749999999996 0.066765625 0.048296875
7 0.598015625 0.28337500000000004 0.09090625 0.06392187499999999
7 0.805390625 0.306109375 0.05965625 0.04971875