2 0.74140625 0.15859375 0.2328125 0.3078125
1 0.3515625 0.33515625 0.075 0.0453125
2 0.35390625 0.30703125 0.0921875 0.1359375
2 0.55 0.37265625 0.0828125 0.15
2 0.1421875 0.3484375 0.0671875 0.1265625
2 0.06953125 0.34140625 0.06875 0.1
2 0.290625 0.29453125 0.0859375 0.153125
1 0.75 0.1875 0.1703125 0.084375
1 0.07421875 0.33203125 0.0625 0.028125
9 0.7046875 0.51171875 0.46875 0.9671875
9 0.36484375 0.4375 0.265625 0.3875
9 0.0609375 0.3828125 0.1125 0.2171875
9 0.15703125 0.41484375 0.103125 0.1984375
9 0.2609375 0.4046875 0.1046875 0.28125