9 0.5390625 0.74453125 0.921875 0.5109375
2 0.8734375 0.6328125 0.253125 0.2875
9 0.5546875 0.38046875 0.5125 0.2984375
2 0.715625 0.31328125 0.178125 0.1921875
9 0.54453125 0.2234375 0.4078125 0.16875
1 0.62734375 0.2140625 0.0328125 0.053125
2 0.68046875 0.18984375 0.1359375 0.11875
2 0.565625 0.14296875 0.0859375 0.0828125
9 0.50078125 0.10234375 0.2078125 0.0765625
9 0.5109375 0.0390625 0.1578125 0.078125
2 0.54609375 0.04765625 0.0953125 0.0734375
2 0.5609375 0.0921875 0.1171875 0.0625
2 0.54375 0.0171875 0.1 0.034375
1 0.80625 0.64609375 0.1375 0.153125
1 0.6234375 0.28828125 0.0265625 0.0390625