3 0.234375 0.234375 0.0296875 0.04375
3 0.52421875 0.225 0.0296875 0.05
1 0.23515625 0.25625 0.0265625 0.0359375
3 0.353125 0.2578125 0.03125 0.046875
3 0.59296875 0.24609375 0.0296875 0.046875
3 0.41875 0.28046875 0.03125 0.0484375
3 0.48515625 0.2890625 0.025 0.034375
3 0.2421875 0.36484375 0.075 0.1625
9 0.24921875 0.4171875 0.096875 0.4
9 0.359375 0.39140625 0.075 0.31875
9 0.60859375 0.409375 0.0890625 0.365625
9 0.4890625 0.40546875 0.0671875 0.2640625
9 0.42890625 0.40078125 0.0671875 0.278125
9 0.540625 0.38046875 0.075 0.340625