9 0.7953125 0.225 0.4015625 0.4484375
3 0.2859375 0.07578125 0.0765625 0.0828125
1 0.2828125 0.1109375 0.0671875 0.0671875
3 0.5171875 0.13046875 0.040625 0.05
3 0.13984375 0.171875 0.05 0.0796875
3 0.2453125 0.18984375 0.0328125 0.0546875
3 0.3859375 0.2 0.0375 0.034375
10 0.5171875 0.27421875 0.096875 0.1953125
10 0.3890625 0.32109375 0.084375 0.1671875
10 0.14375 0.325 0.115625 0.2390625
10 0.26953125 0.3390625 0.1984375 0.2921875
10 0.31875 0.77265625 0.63125 0.4546875
10 0.90625 0.46953125 0.08125 0.0484375
10 0.9609375 0.4890625 0.078125 0.09375
10 0.82421875 0.5140625 0.1234375 0.13125
9 0.68203125 0.665625 0.14375 0.4109375
9 0.14375 0.30703125 0.1046875 0.35625
9 0.2921875 0.25390625 0.20625 0.4484375
9 0.83671875 0.62578125 0.14375 0.3484375
9 0.52109375 0.2859375 0.103125 0.3578125
9 0.396875 0.3234375 0.0671875 0.296875
9 0.95546875 0.6203125 0.0890625 0.3484375