3 0.48828125 0.30078125 0.078125 0.08125
1 0.4828125 0.33984375 0.059375 0.0609375
3 0.71796875 0.35546875 0.034375 0.05625
3 0.95625 0.3921875 0.059375 0.05625
3 0.34140625 0.39453125 0.04375 0.06875
3 0.44765625 0.4109375 0.021875 0.0390625
3 0.5890625 0.43203125 0.028125 0.040625
10 0.715625 0.5046875 0.071875 0.196875
10 0.34609375 0.55390625 0.08125 0.2265625
10 0.5890625 0.5578125 0.059375 0.15625
1 0.678125 0.60234375 0.01875 0.0609375
10 0.9453125 0.6265625 0.10625 0.3015625
10 0.4703125 0.628125 0.14375 0.3984375
9 0.93046875 0.6796875 0.1390625 0.6390625
9 0.71796875 0.5625 0.1125 0.4625
9 0.34609375 0.60703125 0.109375 0.496875
9 0.48984375 0.63359375 0.2 0.7328125
9 0.59296875 0.59453125 0.0671875 0.353125