3 0.4265625 0.290625 0.4203125 0.315625 0.4234375 0.328125 0.44375 0.3140625 0.459375 0.315625 0.4734375 0.3234375 0.4890625 0.3453125 0.4796875 0.2984375 0.4609375 0.2703125 0.44375 0.2671875
3 0.45078125 0.30703125 0.090625 0.09375
1 0.425 0.3296875 0.4234375 0.35 0.4375 0.3734375 0.45 0.3640625 0.465625 0.3734375 0.4828125 0.3703125 0.4859375 0.3578125 0.4671875 0.321875 0.4421875 0.315625
1 0.45234375 0.34609375 0.06875 0.0703125
3 0.6734375 0.3 0.6734375 0.334375 0.684375 0.3421875 0.6984375 0.3390625 0.7046875 0.321875 0.696875 0.296875 0.684375 0.290625
3 0.68671875 0.31640625 0.0453125 0.0625
3 0.903125 0.29375 0.9015625 0.3234375 0.909375 0.3375 0.959375 0.3296875 0.9390625 0.2828125 0.9171875 0.2796875
3 0.92734375 0.30703125 0.06875 0.0671875
3 0.309375 0.4046875 0.3125 0.45625 0.3203125 0.4640625 0.3328125 0.4640625 0.346875 0.4421875 0.34375 0.41875 0.325 0.39375 0.3171875 0.39375
3 0.32421875 0.4265625 0.0546875 0.075
3 0.43125 0.42265625 0.0296875 0.0421875
3 0.5625 0.4046875 0.5625 0.43125 0.5859375 0.4296875 0.58125 0.40625 0.5734375 0.3984375
3 0.57421875 0.41640625 0.0359375 0.046875
10 0.7125 0.46328125 0.109375 0.20625
10 0.359375 0.58203125 0.121875 0.2375
10 0.5984375 0.53984375 0.0890625 0.165625
1 0.69453125 0.56640625 0.03125 0.0640625
10 0.93984375 0.5390625 0.1203125 0.315625
10 0.4953125 0.63125 0.215625 0.41875
9 0.73359375 0.51875 0.1421875 0.446875
9 0.94140625 0.56953125 0.115625 0.603125
9 0.4828125 0.62890625 0.30625 0.728125
9 0.3796875 0.65234375 0.1546875 0.5125
9 0.4765625 0.5828125 0.2453125 0.640625