3 0.25859375 0.2125 0.0265625 0.0421875
3 0.5484375 0.228125 0.025 0.0484375
1 0.25703125 0.234375 0.0234375 0.034375
3 0.375 0.24609375 0.028125 0.0453125
3 0.61484375 0.25546875 0.0265625 0.0453125
3 0.43828125 0.27421875 0.028125 0.046875
3 0.50390625 0.28828125 0.021875 0.03125
10 0.55 0.334375 0.0546875 0.128125
3 0.2546875 0.34296875 0.0625 0.1578125
10 0.5671875 0.34765625 0.0203125 0.0921875
10 0.36875 0.3484375 0.0390625 0.1296875
10 0.43515625 0.3578125 0.0484375 0.115625
10 0.34375 0.35859375 0.025 0.0703125
10 0.5 0.375 0.0421875 0.115625
10 0.51796875 0.375 0.01875 0.071875
10 0.6125 0.375 0.059375 0.1546875
10 0.4609375 0.38203125 0.0140625 0.046875
10 0.4765625 0.384375 0.0140625 0.0609375
10 0.4125 0.3875 0.0125 0.0515625
10 0.58125 0.421875 0.015625 0.071875
10 0.6390625 0.42421875 0.0234375 0.0640625
9 0.25625 0.39296875 0.0875 0.396875
9 0.365625 0.384375 0.0671875 0.321875
9 0.4375 0.3953125 0.0609375 0.275
9 0.61328125 0.42109375 0.08125 0.3609375
9 0.49765625 0.40546875 0.0578125 0.265625
9 0.5484375 0.384375 0.059375 0.3375