3 0.30859375 0.06484375 0.071875 0.0796875
1 0.303125 0.1 0.0640625 0.0640625
3 0.53671875 0.13203125 0.0375 0.0484375
3 0.1578125 0.153125 0.0453125 0.078125
3 0.26171875 0.1765625 0.0296875 0.053125
3 0.4015625 0.19453125 0.0359375 0.0328125
3 0.815625 0.028125 0.340625 0.05625
9 0.8046875 0.2296875 0.3890625 0.459375
9 0.52890625 0.2859375 0.10625 0.3578125
9 0.67578125 0.67421875 0.1296875 0.409375
9 0.3 0.24296875 0.19375 0.4390625
9 0.1546875 0.28984375 0.1109375 0.353125
9 0.828125 0.64296875 0.15 0.3453125
9 0.40625 0.31875 0.0640625 0.2890625
9 0.9515625 0.64609375 0.0953125 0.3515625