3 0.04609375 0.253125 0.090625 0.18125
3 0.2484375 0.259375 0.090625 0.15
3 0.859375 0.26953125 0.0671875 0.08125
3 0.56484375 0.2890625 0.08125 0.1046875
1 0.8609375 0.321875 0.05625 0.040625
3 0.384375 0.40078125 0.11875 0.190625
10 0.859375 0.46796875 0.1328125 0.2109375
10 0.084375 0.48203125 0.16875 0.325
10 0.259375 0.4828125 0.1421875 0.2453125
10 0.5609375 0.534375 0.1515625 0.2890625
10 0.409375 0.74921875 0.2015625 0.421875
9 0.859375 0.48984375 0.215625 0.534375
9 0.56640625 0.6078125 0.2015625 0.7828125
9 0.0828125 0.52734375 0.165625 0.7203125