9 0.630109375 0.58884375 0.41789062499999996 0.8222968749999999
3 0.69765625 0.31328125 0.2078125 0.221875
3 0.571875 0.49375 0.5671875 0.5046875 0.571875 0.5203125 0.58125 0.5203125 0.6109375 0.5078125 0.61875 0.4859375 0.6140625 0.475 0.5984375 0.465625 0.584375 0.4734375
3 0.5921875 0.49375 0.0625 0.0734375
10 0.1859375 0.58203125 0.1328125 0.259375
10 0.5578125 0.63359375 0.0828125 0.1453125
10 0.625 0.78125 0.378125 0.4375
1 0.63671875 0.39140625 0.1109375 0.1015625
9 0.18203125 0.6578125 0.134375 0.6125
4 0.672578125 0.407671875 0.0411875 0.07670312500000001
3 0.653125 0.2515625 0.6328125 0.3 0.6 0.321875 0.6015625 0.334375 0.6140625 0.3421875 0.64375 0.3421875 0.6828125 0.359375 0.7453125 0.4 0.7515625 0.4140625 0.7703125 0.4203125 0.775 0.4140625 0.7765625 0.3265625 0.7578125 0.2484375 0.73125 0.225 0.6984375 0.221875 0.6828125 0.2265625