9 0.675 0.5546875 0.25 0.671875
3 0.696875 0.3265625 0.053125 0.053125
3 0.23515625 0.4421875 0.046875 0.0421875
9 0.47734375 0.56484375 0.2640625 0.86875
9 0.3921875 0.5703125 0.1453125 0.3703125
3 0.3484375 0.428125 0.0328125 0.04375
3 0.53984375 0.3875 0.034375 0.046875
10 0.428125 0.41796875 0.1765625 0.371875
10 0.63125 0.44921875 0.165625 0.2984375
10 0.37734375 0.5296875 0.084375 0.1609375
10 0.56328125 0.4875 0.05625 0.1375
10 0.259375 0.56953125 0.090625 0.165625
10 0.3875 0.55703125 0.053125 0.103125
10 0.27265625 0.59140625 0.059375 0.1015625
9 0.28671875 0.61328125 0.125 0.3625