1 0.31640625 0.18203125 0.2171875 0.1875
1 0.75703125 0.00625 0.1828125 0.0125
1 0.3765625 0.615625 0.0640625 0.04375
1 0.2734375 0.6234375 0.0890625 0.05
1 0.52734375 0.5984375 0.0921875 0.0265625
1 0.8765625 0.7359375 0.246875 0.346875
3 0.165625 0.01875 0.153125 0.0203125 0.165625 0.0359375 0.1625 0.0796875 0.153125 0.1015625 0.1546875 0.1359375 0.165625 0.153125 0.184375 0.15625 0.21875 0.153125 0.2234375 0.121875 0.21875 0.1125 0.234375 0.084375 0.2484375 0.075 0.2984375 0.0625 0.3953125 0.071875 0.45 0.0875 0.4828125 0.0890625 0.5046875 0.1 0.5484375 0.1546875 0.565625 0.1609375 0.5921875 0.1484375 0.59375 0.0803125 0.6078125 0.0671875 0.6296875 0.059375 0.6375 0.034375 0.621875 0 0.3765625 0.00625 0.346875 0.009375 0.3421875 0.01875 0.3078125 0.0125
3 0.36640625 0.08984375 0.4640625 0.1796875
10 0.1140625 0.7921875 0.2046875 0.2796875
10 0.41640625 0.79375 0.1734375 0.2765625
9 0.4125 0.30078125 0.4046875 0.58125
9 0.88515625 0.7734375 0.228125 0.4125
9 0.80078125 0.284375 0.396875 0.56875
1 0.7765625 0.6546875 0.775 0.6921875 0.7890625 0.709375 0.7984375 0.8109375 0.8453125 0.85 0.921875 0.884375 0.94375 0.884375 0.9984375 0.8140625 0.9984375 0.7203125 0.846875 0.675 0.8234375 0.6609375 0.81875 0.625 0.79375 0.628125