9 0.16122857142857142 0.52 0.31917142857142855 0.96
3 0.15877142857142856 0.27215 0.2522571428571429 0.35855
9 0.49019999999999997 0.5393 0.3289714285714286 0.9214
7 0.49402857142857143 0.25565 0.23522857142857143 0.26685
6 0.48857142857142855 0.25429999999999997 0.22774285714285714 0.26285000000000003
9 0.8342857142857143 0.5343 0.3314285714285714 0.9314
5 0.5257142857142857 0.3743 0.1453142857142857 0.08855
1 0.8253142857142858 0.49855 0.18448571428571425 0.19145
1 0.20857142857142857 0.3943 0.07754285714285715 0.15145
7 0.8194857142857143 0.2993 0.2552 0.3653
6 0.8154857142857144 0.2989 0.24511428571428573 0.365