10 0.311806640625 0.70228515625 0.255302734375 0.595419921875
9 0.3017578125 0.65185546875 0.240234375 0.6923828125
9 0.61865234375 0.51953125 0.5185546875 0.958984375
2 0.65283203125 0.19384765625 0.2998046875 0.3095703125
2 0.30859375 0.37841796875 0.1484375 0.1591796875
7 0.657783203125 0.112998046875 0.24693359375 0.13671875
2 0.521484375 0.1494140625 0.517578125 0.171875 0.5244140625 0.193359375 0.5478515625 0.1884765625 0.560546875 0.158203125 0.5771484375 0.1435546875 0.5947265625 0.1328125 0.6171875 0.126953125 0.654296875 0.1298828125 0.6904296875 0.1474609375 0.7109375 0.1650390625 0.71484375 0.1728515625 0.732421875 0.1787109375 0.744140625 0.1884765625 0.7666015625 0.185546875 0.77734375 0.171875 0.7763671875 0.1572265625 0.7626953125 0.14453125 0.7587890625 0.119140625 0.748046875 0.111328125 0.7314453125 0.0830078125 0.712890625 0.072265625 0.708984375 0.0625 0.6455078125 0.046875 0.6083984375 0.0517578125 0.572265625 0.068359375 0.5361328125 0.109375
10 0.61244140625 0.661826171875 0.546875 0.676337890625
10 0.3623046875 0.7353515625 0.36328125 0.771484375 0.37890625 0.7939453125 0.40234375 0.796875 0.41015625 0.8037109375 0.4189453125 0.8046875 0.4794921875 0.7998046875 0.4892578125 0.8134765625 0.48046875 0.8662109375 0.4619140625 0.9150390625 0.44921875 0.9990234375 0.822265625 0.9990234375 0.82421875 0.9921875 0.810546875 0.9169921875 0.8017578125 0.904296875 0.787109375 0.8466796875 0.81640625 0.8349609375 0.8447265625 0.8330078125 0.8564453125 0.822265625 0.8662109375 0.7978515625 0.873046875 0.681640625 0.8740234375 0.5078125 0.8671875 0.4638671875 0.857421875 0.44140625 0.849609375 0.431640625 0.833984375 0.421875 0.759765625 0.400390625 0.732421875 0.3583984375 0.7236328125 0.3544921875 0.685546875 0.3974609375 0.6416015625 0.43359375 0.634765625 0.4501953125 0.6259765625 0.4541015625 0.6171875 0.4404296875 0.6171875 0.4306640625 0.6103515625 0.4228515625 0.60546875 0.408203125 0.607421875 0.3994140625 0.6025390625 0.3955078125 0.607421875 0.3896484375 0.6123046875 0.3896484375 0.607421875 0.36328125 0.5986328125 0.365234375 0.587890625 0.373046875 0.58203125 0.40234375 0.5751953125 0.3974609375 0.544921875 0.412109375 0.51171875 0.419921875 0.4755859375 0.4423828125 0.455078125 0.4814453125 0.4384765625 0.533203125 0.4052734375 0.6142578125 0.4091796875 0.625 0.4228515625 0.6201171875 0.431640625 0.6220703125 0.46875 0.640625 0.5 0.6875 0.486328125 0.6982421875 0.421875 0.69921875 0.412109375 0.6904296875 0.3916015625 0.701171875 0.376953125 0.701171875 0.3720703125 0.705078125
10 0.1904296875 0.716796875 0.1875 0.7607421875 0.1923828125 0.7783203125 0.19921875 0.7822265625 0.2001953125 0.787109375 0.21484375 0.7861328125 0.2236328125 0.7965494791666666 0.2158203125 0.9990234375 0.279296875 0.9990234375 0.2822265625 0.9541015625 0.2958984375 0.939453125 0.3037109375 0.9453125 0.30859375 0.9990234375 0.4150390625 0.9990234375 0.416015625 0.9814453125 0.400390625 0.84765625 0.3955078125 0.841796875 0.3896484375 0.8447265625 0.388671875 0.849609375 0.3759765625 0.8427734375 0.373046875 0.798828125 0.359375 0.771484375 0.357421875 0.7578125 0.3583984375 0.7353515625 0.37109375 0.6953125 0.3681640625 0.68359375 0.4130859375 0.5908203125 0.4189453125 0.5712890625 0.4150390625 0.5048828125 0.404296875 0.4814453125 0.3955078125 0.474609375 0.3623046875 0.4638671875 0.3408203125 0.4462890625 0.30859375 0.4853515625 0.296875 0.4853515625 0.2880859375 0.470703125 0.2822265625 0.4501953125 0.27734375 0.4501953125 0.2646484375 0.4638671875 0.228515625 0.4775390625 0.216796875 0.48828125 0.2099609375 0.5029296875 0.20703125 0.5947265625
7 0.31947265625 0.336220703125 0.147880859375 0.05859375