9 0.638671875 0.513671875 0.455078125 0.947265625
3 0.564453125 0.126953125 0.5673828125 0.14453125 0.5751953125 0.1513671875 0.5751953125 0.1328125 0.58203125 0.126953125 0.6025390625 0.123046875 0.705078125 0.123046875 0.71875 0.125 0.7470703125 0.138671875 0.7509765625 0.1357421875 0.748046875 0.119140625 0.7412109375 0.1162109375 0.732421875 0.08984375 0.71484375 0.06640625 0.6962890625 0.048828125 0.666015625 0.0361328125 0.6416015625 0.0380859375 0.6025390625 0.0673828125 0.5869140625 0.0859375 0.580078125 0.1083984375 0.5703125 0.1142578125
3 0.65869140625 0.10302734375 0.2001953125 0.1337890625
1 0.64892578125 0.19384765625 0.1572265625 0.0576171875
0 0.5458984375 0.197265625 0.5556640625 0.232421875 0.5634765625 0.2451171875 0.5791015625 0.25390625 0.595703125 0.25390625 0.595703125 0.2412109375 0.583984375 0.2060546875 0.5751953125 0.1611328125 0.5615234375 0.1650390625 0.5546875 0.1728515625
6 0.693359375 0.263671875 0.693359375 0.2861328125 0.6982421875 0.2841796875 0.7080078125 0.2890625 0.7353515625 0.318359375 0.7607421875 0.330078125 0.7705078125 0.3310546875 0.7900390625 0.3017578125 0.7939453125 0.2587890625 0.7861328125 0.2431640625 0.767578125 0.228515625 0.759765625 0.2294921875 0.75 0.24609375 0.73828125 0.2568359375 0.7119140625 0.2568359375 0.7041015625 0.24609375
0 0.7119140625 0.2314453125 0.7080078125 0.25 0.71875 0.2578125 0.7333984375 0.2578125 0.751953125 0.2412109375 0.759765625 0.2197265625 0.76171875 0.189453125 0.7509765625 0.1611328125 0.740234375 0.1572265625 0.7353515625 0.1611328125
10 0.4228515625 0.5556640625 0.423828125 0.5966796875 0.4345703125 0.6259765625 0.4208984375 0.7041015625 0.4228515625 0.72265625 0.4345703125 0.724609375 0.4520089285714286 0.5566406250000002 0.7282366071428572 0.560825892857143 0.726841517857143 0.7812500000000002 0.648716517857143 0.8482142857142859 0.4896763392857144 0.8523995535714288 0.482421875 0.9990234375 0.779296875 0.9990234375 0.787109375 0.9951171875 0.7880859375 0.8154296875 0.7958984375 0.810546875 0.80859375 0.7880859375 0.84375 0.7109375 0.8486328125 0.689453125 0.8544921875 0.681640625 0.8642578125 0.6298828125 0.8408203125 0.4755859375 0.818359375 0.3876953125 0.810546875 0.3720703125 0.787109375 0.349609375 0.744140625 0.32421875 0.7265625 0.3115234375 0.708984375 0.2919921875 0.7041015625 0.29296875 0.697265625 0.2861328125 0.6748046875 0.3134765625 0.6455078125 0.3408203125 0.6455078125 0.34765625 0.630859375 0.3671875 0.6181640625 0.3681640625 0.6015625 0.3408203125 0.603515625 0.30859375 0.609375 0.294921875 0.607421875 0.2880859375 0.6015625 0.2890625 0.5634765625 0.322265625 0.5068359375 0.345703125 0.4873046875 0.3603515625 0.474609375 0.388671875 0.443359375 0.5068359375
6 0.580078125 0.1484375 0.580078125 0.173828125 0.587890625 0.1689453125 0.59765625 0.1513671875 0.6201171875 0.130859375 0.611328125 0.126953125 0.5947265625 0.130859375 0.5849609375 0.1416015625 0.5849609375 0.146484375
6 0.681640625 0.1318359375 0.6884765625 0.1455078125 0.7041015625 0.15625 0.712890625 0.1728515625 0.7265625 0.1533203125 0.724609375 0.1494140625 0.7041015625 0.1318359375 0.689453125 0.12890625
6 0.568359375 0.2822265625 0.5673828125 0.2900390625 0.57421875 0.296875 0.5703125 0.3095703125 0.57421875 0.310546875 0.580078125 0.2998046875 0.6025390625 0.2841796875 0.6103515625 0.2841796875 0.611328125 0.2763671875 0.607421875 0.265625 0.587890625 0.255859375 0.5849609375 0.2626953125 0.5712890625 0.267578125