9 0.25341796875 0.56787109375 0.4013671875 0.8623046875
1 0.361328125 0.177734375 0.365234375 0.21484375 0.376953125 0.2451171875 0.400390625 0.2724609375 0.4326171875 0.2958984375 0.435546875 0.2861328125 0.443359375 0.279296875 0.4462890625 0.267578125 0.4521484375 0.2626953125 0.453125 0.2421875 0.45703125 0.2353515625 0.47265625 0.2353515625 0.4931640625 0.2646484375 0.5205078125 0.28125 0.5654296875 0.28125 0.6083984375 0.267578125 0.7041015625 0.2021484375 0.71484375 0.1845703125 0.71875 0.1533203125 0.7158203125 0.130859375 0.7080078125 0.123046875 0.673828125 0.123046875 0.6630859375 0.12890625 0.607421875 0.1396484375 0.5283203125 0.1416015625 0.4853515625 0.15234375 0.44921875 0.15234375 0.392578125 0.1611328125 0.3642578125 0.1728515625
1 0.5322265625 0.2109375 0.349609375 0.16796875
1 0.1484375 0.2978515625 0.13671875 0.080078125
3 0.166015625 0.2080078125 0.216796875 0.16015625
0 0.829384765625 0.16810546875 0.216240234375 0.333427734375
0 0.230888671875 0.24134765625 0.082314453125 0.206474609375
1 0.570595703125 0.07044921875 0.37109375 0.115791015625
2 0.3837890625 0.0078125 0.3828125 0.025390625 0.3916015625 0.0390625 0.3837890625 0.0595703125 0.39453125 0.0732421875 0.3896484375 0.0908203125 0.3935546875 0.095703125 0.392578125 0.1044921875 0.4033203125 0.1396484375 0.4052734375 0.0947265625 0.4111328125 0.078125 0.4384765625 0.0615234375 0.4794921875 0.0517578125 0.5322265625 0.0576171875 0.541015625 0.0556640625 0.5439453125 0.060546875 0.552734375 0.0595703125 0.5595703125 0.0654296875 0.5673828125 0.0625 0.5751953125 0.0703125 0.5966796875 0.07421875 0.6015625 0.0810546875 0.607421875 0.0791015625 0.615234375 0.0869140625 0.638671875 0.0927734375 0.6455078125 0.1025390625 0.6650390625 0.107421875 0.6748046875 0.115234375 0.6875 0.1171875 0.6962890625 0.11328125 0.716796875 0.1259765625 0.720703125 0.13671875 0.7197265625 0.1494140625 0.7255859375 0.154296875 0.7314453125 0.15234375 0.7412109375 0.1376953125 0.748046875 0.1220703125 0.7490234375 0.1015625 0.755859375 0.0849609375 0.779296875 0.05078125 0.7822265625 0.033203125 0.7822265625 0 0.3876953125 0
0 0.740234375 0.181640625 0.740234375 0.236328125 0.744140625 0.263671875 0.755859375 0.302734375 0.775390625 0.306640625 0.8251953125 0.306640625 0.849609375 0.2958984375 0.8681640625 0.2783203125 0.8818359375 0.2490234375 0.8876953125 0.208984375 0.8974609375 0.1962890625 0.9130859375 0.0908203125 0.912109375 0.0712890625 0.8818359375 0 0.876953125 0 0.876953125 0.0078125 0.890625 0.0322265625 0.8916015625 0.044921875 0.8984375 0.0556640625 0.8984375 0.060546875 0.8857421875 0.0673828125 0.8515625 0.05078125 0.8330078125 0.046875 0.8203125 0.0498046875 0.8046875 0.0439453125 0.7958984375 0.03564453125 0.7958984375 0.0244140625 0.79296875 0.0244140625 0.7724609375 0.07421875 0.7587890625 0.095703125
7 0.770087890625 0.009765625 0.030693359375 0.005576171875