2 0.22912499999999997 0.17858333333333334 0.044515624999999996 0.0635
2 0.16553125 0.251 0.042296875 0.09722222222222222
2 0.21796875 0.6289722222222223 0.075765625 0.1746111111111111
2 0.5443749999999999 0.7093333333333334 0.058921875 0.1408611111111111
2 0.71175 0.6686388888888889 0.090125 0.1706388888888889
2 0.8049375 0.32141666666666663 0.042109375 0.09525
2 0.825578125 0.16469444444444445 0.029828125 0.0635
6 0.320078125 0.3135 0.041140625 0.10316666666666667
6 0.44953125 0.7232222222222222 0.0455625 0.10119444444444445
6 0.414375 0.19741666666666666 0.0466875 0.10913888888888888
6 0.47462499999999996 0.17558333333333334 0.039984375 0.08530555555555555
6 0.63196875 0.3323333333333333 0.05778124999999999 0.10913888888888888
6 0.702828125 0.25497222222222227 0.045484375 0.08530555555555555
6 0.884171875 0.5505833333333333 0.055484374999999996 0.1289722222222222