6 0.37865625 0.3611111111111111 0.084640625 0.15080555555555555
9 0.5484375 0.3343055555555555 0.07603125 0.33897222222222223
6 0.551625 0.2222222222222222 0.0421875 0.09919444444444445
9 0.66671875 0.45941666666666664 0.10400000000000001 0.48547222222222225
6 0.676046875 0.2658611111111111 0.04996875 0.08730555555555555
9 0.780078125 0.5392777777777777 0.11482812499999999 0.4378055555555556
6 0.78653125 0.3690555555555556 0.040999999999999995 0.07936111111111112
9 0.532125 0.7536944444444444 0.14825 0.4925833333333334
6 0.54771875 0.6051666666666667 0.094640625 0.19444444444444445
9 0.222921875 0.2623611111111111 0.083359375 0.2951111111111111
6 0.214625 0.14583333333333334 0.02890625 0.06547222222222222