9 0.203125 0.5877222222222223 0.125 0.5731111111111111
6 0.18003125 0.40177777777777773 0.06684375000000001 0.14880555555555555
9 0.365546875 0.6469166666666666 0.0995 0.5716388888888889
6 0.35578125 0.3928611111111111 0.074609375 0.10316666666666667
9 0.27014062499999997 0.22808333333333333 0.066609375 0.3011666666666667
6 0.258140625 0.13094444444444445 0.04228125 0.06747222222222223
9 0.3935 0.22441666666666668 0.07648437500000001 0.2558611111111111
6 0.39875 0.11508333333333333 0.0333125 0.0753888888888889
9 0.51315625 0.3304166666666667 0.097046875 0.30994444444444447
6 0.505875 0.23908333333333331 0.053359375 0.09325
9 0.7171093749999999 0.39766666666666667 0.08059374999999999 0.40058333333333335
6 0.73240625 0.2559444444444444 0.0666875 0.09525
9 0.646375 0.7010277777777778 0.0888125 0.5131666666666667
6 0.645359375 0.46925 0.06448437500000001 0.09325
9 0.508640625 0.7426944444444444 0.084703125 0.5146111111111111
6 0.4991875 0.5248055555555555 0.0600625 0.09722222222222222