9 0.2624019607843137 0.5129656862745098 0.44405228758169935 0.9740441176470589
2 0.3112091503267974 0.24723039215686277 0.1916013071895425 0.29754901960784313
9 0.7525980392156862 0.5060539215686275 0.44790849673202615 0.9861519607843138
2 0.6554084967320262 0.18615196078431373 0.16104575163398693 0.28568627450980394
1 0.5751633986928104 0.25245098039215685 0.5735294117647058 0.2622549019607843 0.5833333333333334 0.2916666666666667 0.5866013071895425 0.2965686274509804 0.5898692810457516 0.30310457516339867 0.5947712418300654 0.30637254901960786 0.5996732026143791 0.27859477124183 0.6203703703703703 0.2916666666666667 0.6372549019607843 0.2769607843137255 0.6437908496732027 0.27205882352941174 0.6699346405228758 0.23039215686274508 0.6873638344226579 0.2107843137254902 0.6944444444444444 0.18709150326797386 0.6737472766884532 0.18464052287581698 0.6503267973856209 0.20098039215686275 0.630718954248366 0.2034313725490196 0.6013071895424836 0.22549019607843138 0.5947712418300654 0.22549019607843138 0.5947712418300654 0.23039215686274508 0.5882352941176471 0.23529411764705882 0.5833333333333334 0.23284313725490197
1 0.2826797385620915 0.2622549019607843 0.2696078431372549 0.2622549019607843 0.27450980392156865 0.27450980392156865 0.2908496732026144 0.29411764705882354 0.2973856209150327 0.3112745098039216 0.31699346405228757 0.3284313725490196 0.3349673202614379 0.3284313725490196 0.34477124183006536 0.31862745098039214 0.35947712418300654 0.31862745098039214 0.3611111111111111 0.3284313725490196 0.37254901960784315 0.33578431372549017 0.3872549019607843 0.32107843137254904 0.3954248366013072 0.29901960784313725 0.3954248366013072 0.2769607843137255 0.3888888888888889 0.26715686274509803 0.38235294117647056 0.2647058823529412
4 0.7107843137254902 0.21894607843137254 0.03812091503267974 0.10458333333333333
4 0.2513562091503268 0.28799019607843135 0.03214052287581699 0.0841421568627451
10 0.10130718954248366 0.6936274509803921 0.08986928104575163 0.8357843137254902 0.10130718954248366 0.8602941176470589 0.15196078431372548 0.9191176470588235 0.16339869281045752 0.9975490196078431 0.434640522875817 0.9975490196078431 0.43300653594771243 0.9068627450980392 0.4068627450980392 0.9068627450980392 0.3758169934640523 0.8651960784313726 0.3839869281045752 0.6813725490196079 0.45098039215686275 0.6838235294117647 0.4542483660130719 0.6568627450980392 0.43300653594771243 0.5318627450980392 0.4133986928104575 0.49019607843137253 0.3790849673202614 0.45098039215686275 0.33986928104575165 0.42892156862745096 0.3349673202614379 0.4730392156862745 0.3415032679738562 0.49754901960784315 0.33169934640522875 0.5098039215686274 0.31862745098039214 0.5098039215686274 0.28594771241830064 0.46568627450980393 0.25163398692810457 0.3700980392156863 0.23366013071895425 0.3946078431372549 0.19117647058823528 0.41911764705882354 0.1650326797385621 0.44362745098039214 0.12254901960784313 0.5220588235294118 0.11601307189542484 0.6200980392156863
10 0.5931372549019608 0.7426470588235294 0.5898692810457516 0.7549019607843137 0.5898692810457516 0.7671568627450981 0.5931372549019608 0.7696078431372549 0.5947712418300654 0.7745098039215687 0.6013071895424836 0.7745098039215687 0.6160130718954249 0.7696078431372549 0.6176470588235294 0.7671568627450981 0.6225490196078431 0.7671568627450981 0.630718954248366 0.7622549019607843 0.6372549019607843 0.7426470588235294 0.6405228758169934 0.7426470588235294 0.6421568627450981 0.7401960784313726 0.5980392156862745 0.7401960784313726
10 0.619281045751634 0.8259803921568627 0.619281045751634 0.9975490196078431 0.8986928104575164 0.9975490196078431 0.9068627450980392 0.8455882352941176 0.9591503267973857 0.8088235294117647 0.9656862745098039 0.7671568627450981 0.9640522875816994 0.75 0.9509803921568627 0.7426470588235294 0.8545751633986928 0.7377450980392157 0.8349673202614379 0.7524509803921569 0.7859477124183006 0.7671568627450981 0.7826797385620915 0.7598039215686274 0.795751633986928 0.8186274509803921 0.795751633986928 0.8382352941176471 0.7826797385620915 0.8627450980392157 0.7189542483660131 0.8504901960784313 0.6437908496732027 0.8578431372549019 0.630718954248366 0.8112745098039216 0.6225490196078431 0.8112745098039216
10 0.6241830065359477 0.4681372549019608 0.6143790849673203 0.5906862745098039 0.9278625030259017 0.5906862745098039 0.9395424836601307 0.6053921568627451 0.9248366013071896 0.46568627450980393 0.9133986928104575 0.4411764705882353 0.8627450980392157 0.37254901960784315 0.7924836601307189 0.32598039215686275 0.7777777777777778 0.30637254901960786 0.6911764705882353 0.39705882352941174 0.6519607843137255 0.39215686274509803
7 0.309983660130719 0.1722794117647059 0.15666666666666665 0.13409313725490196
7 0.647826797385621 0.12759803921568627 0.17877450980392157 0.13120098039215686