9 0.835234375 0.279828125 0.329546875 0.55965625
1 0.8453125 0.3515625 0.309375 0.384375
3 0.684375 0.69296875 0.36875 0.2671875
9 0.14375 0.78203125 0.2875 0.434375
9 0.75078125 0.79375 0.4875 0.4109375
9 0.6140625 0.2765625 0.2265625 0.553125
3 0.55625 0.6546875 0.54375 0.690625 0.6390625 0.6875 0.7546875 0.7109375 0.8265625 0.7375 0.8375 0.765625 0.853125 0.7578125 0.859375 0.746875 0.85 0.7203125 0.8484375 0.6796875 0.83125 0.65 0.796875 0.621875 0.75 0.6015625 0.709375 0.5921875 0.6171875 0.5984375 0.5859375 0.6140625
5 0.5546875 0.7671875 0.5484375 0.7828125 0.5546875 0.7953125 0.5859375 0.8046875 0.6359375 0.7796875 0.70625 0.7703125 0.7140625 0.7625 0.615625 0.7671875 0.578125 0.759375 0.559375 0.7609375
8 0.7109375 0.9828125 0.7109375 0.9984375 0.9984375 0.9984375 0.9984375 0.940625 0.9890625 0.93125 0.9625 0.928125 0.903125 0.9046875 0.871875 0.9171875 0.8359375 0.946875 0.7890625 0.965625 0.7578125 0.971875 0.7296875 0.9609375 0.7234375 0.9515625
4 0.73125 0.765625 0.7265625 0.7703125 0.73125 0.821875 0.75 0.828125 0.7828125 0.825 0.7890625 0.7890625 0.7859375 0.7671875 0.775 0.75625
8 0.13565624999999998 0.747875 0.27131249999999996 0.186078125
7 0.07173437499999999 0.600859375 0.100859375 0.048296875
7 0.8515625 0.09517187499999999 0.296875 0.1818125