9 0.13818359375 0.5879032258064516 0.2744140625 0.8241935483870968
9 0.3564453125 0.6080645161290322 0.2109375 0.7838709677419354
9 0.52783203125 0.6403225806451613 0.2412109375 0.7193548387096774
9 0.7158203125 0.6975806451612904 0.248046875 0.6048387096774194
9 0.876953125 0.5443548387096774 0.24609375 0.9112903225806451
3 0.125 0.27741935483870966 0.1234375 0.29935483870967744 0.120703125 0.3064516129032258 0.117578125 0.32451612903225807 0.11953125 0.3335483870967742 0.12265625 0.3367741935483871 0.12578125 0.3367741935483871 0.126953125 0.33419354838709675 0.126171875 0.3232258064516129 0.128125 0.3167741935483871 0.134375 0.31290322580645163 0.144140625 0.31548387096774194 0.168359375 0.31225806451612903 0.19375 0.3161290322580645 0.20625 0.32129032258064516 0.2125 0.33741935483870966 0.21640625 0.3393548387096774 0.21953125 0.3303225806451613 0.21796875 0.3135483870967742 0.21484375 0.3 0.21328125 0.2735483870967742 0.208984375 0.2574193548387097 0.19765625 0.23741935483870968 0.18515625 0.22451612903225807 0.160546875 0.22129032258064515 0.145703125 0.23225806451612904 0.13203125 0.2509677419354839
3 0.32890625 0.4064516129032258 0.328515625 0.4174193548387097 0.33046875 0.4264516129032258 0.3421875 0.4432258064516129 0.344921875 0.4367741935483871 0.34375 0.40774193548387094 0.35 0.4032258064516129 0.3546875 0.39419354838709675 0.37109375 0.38838709677419353 0.396484375 0.3929032258064516 0.414453125 0.40258064516129033 0.426171875 0.4161290322580645 0.43125 0.4309677419354839 0.4328125 0.45161290322580644 0.430078125 0.45548387096774196 0.433203125 0.4645161290322581 0.4390625 0.46516129032258063 0.44375 0.4612903225806452 0.44921875 0.44967741935483874 0.448828125 0.4374193548387097 0.43671875 0.40838709677419355 0.43671875 0.3870967741935484 0.433203125 0.3606451612903226 0.423828125 0.3393548387096774 0.408203125 0.3174193548387097 0.40078125 0.3103225806451613 0.387890625 0.3103225806451613 0.3796875 0.32064516129032256 0.368359375 0.327741935483871 0.36015625 0.33806451612903227 0.352734375 0.35419354838709677 0.344921875 0.3864516129032258 0.3375 0.39225806451612905
3 0.480859375 0.42774193548387096 0.481640625 0.4425806451612903 0.486328125 0.4509677419354839 0.491796875 0.4432258064516129 0.491796875 0.43483870967741933 0.488671875 0.42451612903225805 0.488671875 0.41935483870967744 0.494140625 0.41096774193548385 0.501171875 0.4064516129032258 0.51328125 0.4032258064516129 0.5359375 0.40258064516129033 0.562109375 0.4103225806451613 0.57578125 0.42193548387096774 0.577734375 0.432258064516129 0.571484375 0.4503225806451613 0.57578125 0.4612903225806452 0.5828125 0.4509677419354839 0.584765625 0.4393548387096774 0.580078125 0.4174193548387097 0.577734375 0.38064516129032255 0.57109375 0.35935483870967744 0.5625 0.34516129032258064 0.551953125 0.3335483870967742 0.531640625 0.32838709677419353 0.525390625 0.32838709677419353 0.512109375 0.3387096774193548 0.501953125 0.3496774193548387 0.49609375 0.36 0.490625 0.3761290322580645 0.487109375 0.4045161290322581
3 0.6296875 0.5393548387096774 0.629296875 0.5593548387096774 0.63046875 0.5645161290322581 0.634765625 0.5703225806451613 0.637890625 0.5696774193548387 0.63828125 0.5658064516129032 0.634375 0.5625806451612904 0.632421875 0.5574193548387096 0.633984375 0.5367741935483871 0.64140625 0.5309677419354839 0.672265625 0.5232258064516129 0.68828125 0.5238709677419355 0.717578125 0.532258064516129 0.721484375 0.5374193548387097 0.724609375 0.572258064516129 0.728515625 0.5709677419354838 0.732421875 0.5612903225806452 0.73203125 0.5490322580645162 0.73046875 0.547741935483871 0.7296875 0.535483870967742 0.7265625 0.5251612903225806 0.724609375 0.5 0.7203125 0.4832258064516129 0.708984375 0.4632258064516129 0.693359375 0.447741935483871 0.687109375 0.44516129032258067 0.665234375 0.4470967741935484 0.648828125 0.46516129032258063 0.63828125 0.4864516129032258 0.634375 0.5058064516129033 0.63359375 0.5225806451612903
3 0.80546875 0.2503225806451613 0.8046875 0.2625806451612903 0.798046875 0.29870967741935484 0.79921875 0.3058064516129032 0.801953125 0.3090322580645161 0.828515625 0.3064516129032258 0.87421875 0.3116129032258064 0.8859375 0.3025806451612903 0.892578125 0.30129032258064514 0.896484375 0.30516129032258066 0.90390625 0.30516129032258066 0.9046875 0.3025806451612903 0.902734375 0.2974193548387097 0.902734375 0.2870967741935484 0.9 0.2793548387096774 0.89921875 0.2535483870967742 0.89609375 0.23548387096774193 0.884765625 0.21161290322580645 0.86484375 0.19032258064516128 0.841015625 0.19032258064516128 0.82578125 0.20387096774193547 0.819140625 0.21161290322580645 0.81328125 0.22258064516129034
1 0.2046875 0.32129032258064516 0.207421875 0.3574193548387097 0.208984375 0.36516129032258066 0.2125 0.37032258064516127 0.215625 0.36129032258064514 0.215625 0.34516129032258064 0.21328125 0.33419354838709675 0.209765625 0.3296774193548387 0.21015625 0.3258064516129032
1 0.123046875 0.33806451612903227 0.1234375 0.36129032258064514 0.126953125 0.3670967741935484 0.130859375 0.3670967741935484 0.134765625 0.36258064516129035 0.13671875 0.3567741935483871 0.137890625 0.3293548387096774 0.14140625 0.31806451612903225 0.138671875 0.31548387096774194 0.13046875 0.31483870967741934 0.128125 0.31806451612903225 0.12734375 0.33548387096774196
1 0.347265625 0.4232258064516129 0.347265625 0.43806451612903224 0.368359375 0.4509677419354839 0.373046875 0.4483870967741935 0.379296875 0.44 0.384375 0.43806451612903224 0.38828125 0.44903225806451613 0.395703125 0.45548387096774196 0.4125 0.45483870967741935 0.41875 0.45161290322580644 0.423046875 0.45548387096774196 0.4265625 0.45483870967741935 0.426171875 0.44967741935483874 0.4203125 0.43290322580645163 0.405859375 0.42129032258064514 0.4 0.41935483870967744 0.38671875 0.42129032258064514 0.373046875 0.4135483870967742 0.353125 0.4129032258064516 0.34921875 0.4167741935483871
1 0.48984375 0.4470967741935484 0.488671875 0.4509677419354839 0.48984375 0.4567741935483871 0.491796875 0.45225806451612904 0.4953125 0.45161290322580644 0.513671875 0.4696774193548387 0.521484375 0.47096774193548385 0.526953125 0.46903225806451615 0.532421875 0.4567741935483871 0.5359375 0.45741935483870966 0.538671875 0.4670967741935484 0.544140625 0.4735483870967742 0.553125 0.4729032258064516 0.5640625 0.46774193548387094 0.571875 0.47161290322580646 0.571484375 0.4670967741935484 0.573828125 0.4625806451612903 0.56796875 0.44516129032258067 0.559375 0.4393548387096774 0.545703125 0.43548387096774194 0.53359375 0.43548387096774194 0.51796875 0.4316129032258065 0.5 0.4335483870967742 0.49765625 0.43032258064516127 0.494921875 0.43548387096774194 0.4953125 0.44 0.49375 0.44387096774193546
1 0.637890625 0.5567741935483871 0.638671875 0.5670967741935484 0.63671875 0.5774193548387097 0.638671875 0.5838709677419355 0.68203125 0.5819354838709677 0.6859375 0.5851612903225807 0.689453125 0.5793548387096774 0.698046875 0.5780645161290323 0.7046875 0.5690322580645162 0.7140625 0.5735483870967742 0.716015625 0.58 0.7203125 0.5838709677419355 0.722265625 0.58 0.722265625 0.567741935483871 0.720703125 0.5612903225806452 0.712890625 0.5483870967741935 0.7125 0.5445161290322581 0.699609375 0.5329032258064517 0.685546875 0.5270967741935484 0.66953125 0.5270967741935484 0.648046875 0.5367741935483871 0.64453125 0.5406451612903226
1 0.808984375 0.3090322580645161 0.803125 0.3103225806451613 0.805859375 0.3135483870967742 0.805078125 0.3258064516129032 0.808984375 0.3412903225806452 0.8125 0.34516129032258064 0.8296875 0.3503225806451613 0.846875 0.3438709677419355 0.858984375 0.34774193548387095 0.8703125 0.34774193548387095 0.8859375 0.34 0.89609375 0.3412903225806452 0.89765625 0.3329032258064516 0.89765625 0.3103225806451613 0.889453125 0.30451612903225805 0.877734375 0.3109677419354839 0.871875 0.3116129032258064 0.840625 0.30838709677419357