9 0.47734375 0.64921875 0.1078125 0.328125
9 0.57578125 0.625 0.090625 0.2359375
9 0.159375 0.73515625 0.18125 0.5140625
9 0.3703125 0.640625 0.0890625 0.2703125
9 0.3046875 0.62109375 0.06875 0.2296875
9 0.9625 0.61171875 0.065625 0.2421875
9 0.6484375 0.6375 0.06875 0.2390625
9 0.7421875 0.60078125 0.05 0.209375
9 0.80390625 0.64375 0.0859375 0.2765625
9 0.85625 0.62578125 0.0609375 0.2484375
9 0.046875 0.61796875 0.0671875 0.2078125
9 0.26875 0.615625 0.040625 0.2
9 0.91953125 0.596875 0.040625 0.1765625
9 0.44375 0.6078125 0.046875 0.221875
6 0.146875 0.4875 0.1421875 0.5109375 0.15 0.5203125 0.16875 0.5109375 0.1859375 0.5109375 0.1875 0.490625 0.1765625 0.48125 0.1578125 0.478125
6 0.296875 0.5140625 0.303125 0.5359375 0.3203125 0.5359375 0.3234375 0.5125 0.31875 0.5078125 0.303125 0.50625
6 0.3578125 0.5078125 0.353125 0.5328125 0.3765625 0.5375 0.38125 0.515625 0.3875 0.5125 0.365625 0.5046875
6 0.5578125 0.5171875 0.559375 0.54375 0.58125 0.55 0.590625 0.5296875 0.5875 0.5125 0.5671875 0.5078125
6 0.6265625 0.51875 0.6265625 0.55 0.63125 0.55625 0.6484375 0.553125 0.6578125 0.5375 0.65 0.5125
6 0.7859375 0.515625 0.7875 0.540625 0.8140625 0.5375 0.8140625 0.5140625 0.8078125 0.50625 0.796875 0.50625
6 0.8296875 0.5140625 0.8328125 0.5359375 0.8609375 0.5359375 0.85625 0.509375 0.8390625 0.50625
6 0.9421875 0.496875 0.940625 0.5125 0.95 0.5265625 0.9703125 0.5234375 0.96875 0.496875 0.9578125 0.4921875
6 0.4390625 0.5 0.4390625 0.5203125 0.4578125 0.5234375 0.4625 0.51875 0.4609375 0.5015625 0.453125 0.496875
6 0.46875 0.4921875 0.4703125 0.5234375 0.49375 0.528125 0.5015625 0.5171875 0.5015625 0.490625 0.484375 0.4828125