9 0.1671875 0.52265625 0.2515625 0.5296875
8 0.482828125 0.33659374999999997 0.156609375 0.13153125000000002
3 0.51953125 0.25625 0.0515625 0.071875
3 0.66171875 0.31796875 0.1078125 0.115625
3 0.44609375 0.54140625 0.0921875 0.1015625
8 0.328515625 0.635265625 0.190203125 0.21209375000000003
3 0.32265625 0.48984375 0.096875 0.0921875
3 0.71953125 0.28828125 0.0703125 0.075
3 0.3546875 0.44296875 0.090625 0.0875
3 0.75234375 0.09921875 0.0640625 0.0734375
3 0.69375 0.059375 0.1109375 0.084375
3 0.54921875 0.06953125 0.0640625 0.075
8 0.15859375 0.538703125 0.2359375 0.278125
9 0.6296875 0.52421875 0.3078125 0.5171875
9 0.9546875 0.35625 0.0859375 0.2203125
9 0.8203125 0.48046875 0.1265625 0.4515625
9 0.7296875 0.3171875 0.0703125 0.128125
9 0.48984375 0.3109375 0.1125 0.171875
9 0.56953125 0.4453125 0.1296875 0.3140625
8 0.200953125 0.376109375 0.138015625 0.13764062500000002
8 0.6765 0.49679687499999997 0.17825 0.228625
8 0.83359375 0.434453125 0.11753125 0.24737499999999998
8 0.94684375 0.341359375 0.08546875000000001 0.11673437499999999