3 0.375 0.4015625 0.0515625 0.0734375
3 0.640625 0.3984375 0.0546875 0.0765625
3 0.88203125 0.39453125 0.05 0.06875
3 0.484375 0.396875 0.0421875 0.0484375
3 0.5390625 0.40625 0.0234375 0.0328125
3 0.5921875 0.39453125 0.01875 0.0296875
3 0.34765625 0.396875 0.01875 0.0453125
9 0.8578125 0.5578125 0.175 0.409375
9 0.3875 0.565625 0.15 0.4125
9 0.63515625 0.584375 0.140625 0.459375
9 0.47890625 0.5140625 0.0875 0.29375
9 0.5390625 0.45703125 0.04375 0.140625
9 0.7625 0.42578125 0.01875 0.0453125
9 0.9546875 0.46171875 0.03125 0.084375
9 0.58984375 0.43046875 0.046875 0.0984375
9 0.765625 0.4265625 0.0140625 0.0453125
9 0.75859375 0.42734375 0.0140625 0.0421875