3 0.8828125 0.38203125 0.1171875 0.13125
3 0.56328125 0.390625 0.071875 0.0875
3 0.72890625 0.41015625 0.075 0.09375
3 0.34765625 0.3421875 0.0671875 0.08125
3 0.221875 0.33046875 0.084375 0.0984375
3 0.27890625 0.3421875 0.0546875 0.0734375
9 0.8359375 0.66171875 0.2421875 0.6765625
9 0.56953125 0.56640625 0.1765625 0.4515625
9 0.18203125 0.5265625 0.184375 0.496875
9 0.32265625 0.50859375 0.1453125 0.409375
9 0.446875 0.53046875 0.1328125 0.346875
9 0.6984375 0.57890625 0.146875 0.421875
9 0.6625 0.54375 0.078125 0.340625
9 0.50390625 0.51640625 0.05625 0.271875