3 0.2890625 0.35390625 0.109375 0.13125
3 0.40703125 0.34296875 0.040625 0.053125
3 0.7109375 0.3390625 0.13125 0.1421875
3 0.60625 0.3515625 0.09375 0.115625
3 0.55234375 0.340625 0.0453125 0.06875
3 0.6546875 0.3515625 0.059375 0.1
9 0.42265625 0.4453125 0.0890625 0.2609375
9 0.61484375 0.55390625 0.171875 0.5046875
9 0.325 0.646875 0.253125 0.70625
9 0.08828125 0.7125 0.1765625 0.5703125
9 0.7515625 0.61640625 0.2359375 0.715625
9 0.5390625 0.40859375 0.071875 0.2
9 0.5421875 0.45546875 0.075 0.2984375