9 0.3109375 0.65390625 0.284375 0.6828125
9 0.77890625 0.66484375 0.253125 0.6703125
9 0.59453125 0.64921875 0.3953125 0.7015625
9 0.24296875 0.4328125 0.1078125 0.1828125
6 0.3015625 0.3390625 0.3015625 0.4015625 0.3171875 0.4109375 0.3171875 0.390625 0.3296875 0.371875 0.3484375 0.3828125 0.3640625 0.3515625 0.3765625 0.3453125 0.4125 0.34375 0.4140625 0.334375 0.3953125 0.3109375 0.3484375 0.309375 0.31875 0.31875
4 0.3171875 0.36875 0.309375 0.3765625 0.3125 0.4078125 0.321875 0.4171875 0.3375 0.4203125 0.35 0.3859375 0.3484375 0.36875
8 0.7861875 0.587171875 0.230265625 0.30098437499999997
6 0.759375 0.3984375 0.7546875 0.3984375 0.7546875 0.4078125 0.771875 0.43125 0.771875 0.4109375
4 0.7671875 0.3796875 0.759375 0.4109375 0.7671875 0.428125 0.775 0.43125 0.79375 0.415625 0.790625 0.40625 0.7984375 0.3796875 0.7953125 0.375
6 0.4515625 0.3234375 0.45 0.346875 0.459375 0.3734375 0.465625 0.3734375 0.4640625 0.3390625 0.4859375 0.328125 0.5234375 0.3265625 0.540625 0.35625 0.5296875 0.321875 0.5078125 0.3015625 0.475 0.3015625
6 0.225 0.3578125 0.23125 0.384375 0.2390625 0.365625 0.2609375 0.3625 0.2828125 0.371875 0.2765625 0.35 0.265625 0.3421875 0.2359375 0.34375
6 0.7609375 0.3359375 0.7578125 0.35 0.8 0.3390625 0.8375 0.3375 0.8390625 0.3296875 0.8234375 0.315625 0.79375 0.315625
8 0.29357812499999997 0.57525 0.23190624999999998 0.30017187500000003
8 0.5234375 0.532078125 0.232734375 0.2549375