3 0.75 0.15859375 0.1265625 0.13125
9 0.27890625 0.53828125 0.2265625 0.4875
9 0.05078125 0.50078125 0.1015625 0.2328125
9 0.8 0.27421875 0.2 0.33125
9 0.40703125 0.31875 0.0890625 0.1328125
9 0.7375 0.70078125 0.4390625 0.56875
9 0.13671875 0.46796875 0.134375 0.20625
9 0.5875 0.31796875 0.1875 0.215625
9 0.3703125 0.4671875 0.1296875 0.2734375
9 0.93828125 0.23046875 0.1234375 0.4609375
9 0.9203125 0.22734375 0.06875 0.2046875
9 0.48046875 0.30859375 0.08125 0.1578125
9 0.72265625 0.028125 0.06875 0.05625