3 0.496875 0.4015625 0.06875 0.0859375
3 0.82890625 0.365625 0.0765625 0.0984375
3 0.34765625 0.38515625 0.0484375 0.05625
3 0.21484375 0.43046875 0.053125 0.0671875
3 0.121875 0.4140625 0.05 0.059375
3 0.09140625 0.39921875 0.0359375 0.046875
3 0.14453125 0.38515625 0.0359375 0.046875
3 0.190625 0.38671875 0.034375 0.040625
3 0.23515625 0.39296875 0.040625 0.0453125
3 0.45625 0.39375 0.034375 0.0453125
9 0.85859375 0.5625 0.28125 0.5015625
9 0.3515625 0.509375 0.1046875 0.303125
9 0.2296875 0.57421875 0.146875 0.359375
9 0.515625 0.58125 0.23125 0.453125
9 0.44375 0.43671875 0.053125 0.1359375
9 0.10546875 0.5171875 0.1015625 0.275
9 0.090625 0.51328125 0.0765625 0.2671875