3 0.859375 0.3234375 0.1015625 0.1171875
3 0.5453125 0.38203125 0.0609375 0.0796875
3 0.71171875 0.37578125 0.0625 0.084375
3 0.325 0.36796875 0.05625 0.0734375
3 0.1984375 0.37578125 0.071875 0.0890625
3 0.25703125 0.37890625 0.0453125 0.0671875
9 0.325 0.53671875 0.146875 0.4125
9 0.18359375 0.5765625 0.18125 0.49375
9 0.45390625 0.53984375 0.109375 0.353125
9 0.5703125 0.559375 0.159375 0.446875
9 0.8578125 0.63046875 0.1828125 0.7390625
9 0.7046875 0.54765625 0.1203125 0.425
9 0.646875 0.50234375 0.0859375 0.315625
9 0.2546875 0.3859375 0.0578125 0.0796875