1 0.9578125 0.31953125 0.078125 0.0375
3 0.0546875 0.23125 0.103125 0.15
3 0.309375 0.3 0.0984375 0.13125
3 0.665625 0.28125 0.1015625 0.1484375
3 0.9546875 0.30546875 0.090625 0.1515625
3 0.77421875 0.3296875 0.090625 0.109375
3 0.4375 0.30078125 0.0765625 0.053125
3 0.24921875 0.31796875 0.0625 0.103125
3 0.3546875 0.32421875 0.053125 0.0671875
9 0.66484375 0.60625 0.265625 0.784375
9 0.9140625 0.6125 0.1703125 0.7671875
9 0.30546875 0.5734375 0.2453125 0.6765625
9 0.21875 0.52890625 0.1109375 0.521875
9 0.05546875 0.56953125 0.109375 0.8609375
9 0.475 0.51484375 0.1953125 0.4921875
9 0.796875 0.54765625 0.1234375 0.534375
9 0.3546875 0.33046875 0.05 0.078125