3 0.1125 0.4390625 0.225 0.271875
6 0.27131249999999996 0.39275000000000004 0.11079687499999999 0.129265625
3 0.2578125 0.4015625 0.11875 0.153125
6 0.640625 0.3125 0.0880625 0.12215625000000001
3 0.6421875 0.3125 0.090625 0.11875
6 0.85653125 0.29118750000000004 0.116484375 0.133515625
3 0.85546875 0.2875 0.1171875 0.140625
6 0.9360781250000001 0.23934375000000002 0.085234375 0.1150625
3 0.9390625 0.24296875 0.0890625 0.115625
3 0.7859375 0.3140625 0.075 0.0984375
9 0.86484375 0.59609375 0.265625 0.7671875
9 0.6671875 0.53203125 0.19375 0.55
9 0.94765625 0.53984375 0.103125 0.715625
9 0.284375 0.6609375 0.3125 0.678125
9 0.77734375 0.33515625 0.090625 0.159375
5 0.264203125 0.40412499999999996 0.073859375 0.029828125
6 0.110078125 0.4140625 0.21164062499999997 0.20596874999999998
5 0.140625 0.467328125 0.07670312500000001 0.045453125
5 0.634234375 0.31960937500000003 0.069609375 0.03409375
5 0.8693125 0.28621875 0.0625 0.038359375
5 0.941046875 0.246453125 0.058234375000000005 0.032671875
8 0.667609375 0.48153125 0.178984375 0.22726562499999997
8 0.877125 0.46520312500000005 0.24006249999999998 0.245734375
8 0.279828125 0.608671875 0.170453125 0.27131249999999996
8 0.10298437499999999 0.74503125 0.20596874999999998 0.470171875