3 0.5171875 0.4265625 0.15 0.1515625
3 0.90625 0.35390625 0.0953125 0.1203125
3 0.60859375 0.26796875 0.0828125 0.0921875
3 0.9859375 0.353125 0.028125 0.084375
3 0.240625 0.34609375 0.0671875 0.08125
3 0.58359375 0.3484375 0.0671875 0.0640625
3 0.7484375 0.32578125 0.05 0.05
3 0.78671875 0.08359375 0.034375 0.0484375
3 0.6375 0.0984375 0.090625 0.078125
3 0.940625 0.11328125 0.084375 0.1078125
3 0.88671875 0.1015625 0.084375 0.0875
3 0.8421875 0.33828125 0.0765625 0.084375
3 0.446875 0.46640625 0.0890625 0.121875
9 0.76640625 0.49375 0.1828125 0.3859375
9 0.47109375 0.54296875 0.2140625 0.375
9 0.61875 0.3234375 0.1 0.19375
9 0.93828125 0.56328125 0.121875 0.5015625
9 0.8859375 0.49453125 0.1875 0.3875
9 0.521875 0.5484375 0.3203125 0.384375
9 0.628125 0.525 0.1421875 0.440625
9 0.9453125 0.65390625 0.109375 0.6875
9 0.60703125 0.5515625 0.1875 0.3875
9 0.83671875 0.43046875 0.0859375 0.2609375