3 0.853125 0.4859375 0.0390625 0.0484375
3 0.91875 0.49609375 0.0359375 0.05
3 0.1109375 0.54453125 0.0515625 0.0421875
3 0.24921875 0.50625 0.05 0.04375
3 0.17890625 0.51171875 0.0546875 0.040625
3 0.4140625 0.50859375 0.0234375 0.025
3 0.346875 0.50703125 0.01875 0.021875
3 0.30390625 0.525 0.015625 0.015625
3 0.3765625 0.50625 0.015625 0.0171875
3 0.334375 0.50546875 0.0171875 0.0171875
9 0.14453125 0.65078125 0.1078125 0.2640625
9 0.41640625 0.56484375 0.0484375 0.125
9 0.86171875 0.58515625 0.0765625 0.2390625
9 0.3484375 0.55703125 0.0421875 0.1140625
9 0.91875 0.58671875 0.0875 0.2171875
9 0.234375 0.609375 0.08125 0.2203125
9 0.278125 0.60546875 0.08125 0.2390625