3 0.22578125 0.3109375 0.090625 0.096875
3 0.62265625 0.35390625 0.1 0.09375
3 0.7078125 0.42109375 0.046875 0.0484375
3 0.95546875 0.47734375 0.0453125 0.046875
3 0.48203125 0.3375 0.08125 0.0828125
9 0.425 0.56328125 0.196875 0.4890625
9 0.196875 0.503125 0.14375 0.4734375
9 0.93671875 0.575 0.1015625 0.2421875
9 0.696875 0.52578125 0.0796875 0.25
9 0.54921875 0.64296875 0.2515625 0.678125
3 0.596875 0.3296875 0.5875 0.3421875 0.615625 0.3484375 0.653125 0.3703125 0.6578125 0.3640625 0.6578125 0.334375 0.646875 0.321875 0.61875 0.315625
3 0.1953125 0.2828125 0.1921875 0.3140625 0.2046875 0.325 0.2234375 0.321875 0.259375 0.2953125 0.2265625 0.265625 0.203125 0.271875