3 0.87109375 0.4328125 0.1328125 0.159375
3 0.11796875 0.365625 0.0796875 0.0875
3 0.56796875 0.2203125 0.0828125 0.1
3 0.36484375 0.33515625 0.1265625 0.16875
3 0.56796875 0.10390625 0.0984375 0.0953125
3 0.4125 0.05234375 0.0734375 0.0890625
3 0.4328125 0.2875 0.0671875 0.090625
9 0.8671875 0.50859375 0.2640625 0.296875
9 0.6046875 0.3671875 0.16875 0.3953125
9 0.13125 0.54453125 0.1015625 0.4375
9 0.27578125 0.546875 0.3046875 0.5671875
9 0.46171875 0.3625 0.1078125 0.20625
9 0.12265625 0.45703125 0.0875 0.2671875