9 0.46328125 0.67265625 0.1171875 0.2953125
9 0.5578125 0.66015625 0.1140625 0.296875
9 0.340625 0.70234375 0.13125 0.2796875
9 0.07890625 0.74453125 0.1015625 0.284375
9 0.16015625 0.73671875 0.1 0.2796875
9 0.64765625 0.6421875 0.115625 0.3046875
9 0.821875 0.62578125 0.140625 0.3125
9 0.7265625 0.6484375 0.1015625 0.28125
9 0.25 0.7234375 0.1 0.2921875
9 0.23515625 0.725 0.071875 0.296875
9 0.053125 0.784375 0.103125 0.428125
9 0.746875 0.50546875 0.0625 0.1046875
9 0.78203125 0.62734375 0.0734375 0.2984375