3 0.2640625 0.5265625 0.034375 0.0359375
3 0.41875 0.43359375 0.021875 0.021875
10 0.75234375 0.4859375 0.0859375 0.0703125
10 0.42265625 0.47578125 0.05 0.0671875
10 0.4640625 0.4640625 0.040625 0.06875
10 0.56875 0.45 0.0359375 0.046875
10 0.2875 0.509375 0.06875 0.075
9 0.42578125 0.49765625 0.046875 0.140625
9 0.4625 0.4859375 0.046875 0.14375
9 0.53828125 0.46640625 0.0296875 0.08125
9 0.571875 0.4609375 0.0359375 0.1078125
9 0.496875 0.47890625 0.040625 0.134375
9 0.74765625 0.5140625 0.0953125 0.109375