3 0.1765625 0.434375 0.1171875 0.1265625
3 0.2578125 0.44375 0.25625 0.4640625 0.26875 0.4921875 0.28125 0.490625 0.3109375 0.4546875 0.321875 0.45 0.3375 0.4546875 0.34375 0.4453125 0.321875 0.41875 0.30625 0.4140625 0.2765625 0.4203125
3 0.30546875 0.46171875 0.1015625 0.0875
8 0.3703125 0.525 0.36875 0.625 0.371875 0.6484375 0.38125 0.6640625 0.4046875 0.671875 0.415625 0.6640625 0.4328125 0.6625 0.4453125 0.6515625 0.4703125 0.653125 0.4734375 0.6015625 0.4671875 0.5703125 0.4796875 0.5484375 0.4921875 0.540625 0.4875 0.5046875 0.4609375 0.5015625 0.4546875 0.475 0.4203125 0.4609375 0.390625 0.48125
3 0.453125 0.44375 0.078125 0.0859375
3 0.5015625 0.4625 0.5015625 0.4828125 0.5328125 0.48125 0.534375 0.465625 0.5265625 0.45625 0.5109375 0.4546875
8 0.5296875 0.5546875 0.53125 0.625 0.54375 0.634375 0.553125 0.6125 0.5640625 0.6078125 0.596875 0.6265625 0.6015625 0.58125 0.6140625 0.5390625 0.6109375 0.5015625 0.5828125 0.490625 0.54375 0.521875 0.5359375 0.51875
3 0.5703125 0.46171875 0.046875 0.0625
8 0.65 0.5296875 0.6484375 0.5609375 0.665625 0.575 0.6609375 0.5796875 0.678125 0.596875 0.678125 0.6203125 0.6859375 0.6046875 0.7046875 0.615625 0.715625 0.634375 0.7515625 0.628125 0.7546875 0.5984375 0.7703125 0.5578125 0.7671875 0.51875 0.7546875 0.4921875 0.715625 0.475 0.690625 0.478125 0.684375 0.490625 0.6703125 0.49375
3 0.70859375 0.453125 0.0515625 0.0640625
3 0.515625 0.4796875 0.040625 0.0515625
8 0.765625 0.496875 0.771875 0.55 0.7578125 0.5953125 0.759375 0.609375 0.803125 0.6109375 0.8265625 0.6046875 0.83125 0.56875 0.8171875 0.5046875 0.7953125 0.4890625
3 0.7859375 0.46640625 0.046875 0.0546875
8 0.275 0.5125 0.2390625 0.5484375 0.2578125 0.590625 0.28125 0.703125 0.2890625 0.771875 0.325 0.7828125 0.340625 0.75625 0.3609375 0.7515625 0.3875 0.728125 0.38125 0.6890625 0.3671875 0.6515625 0.3578125 0.5515625 0.34375 0.53125 0.315625 0.521875 0.29375 0.503125
3 0.36640625 0.48046875 0.040625 0.0609375
3 0.07109375 0.47890625 0.025 0.028125
9 0.79375 0.5875 0.0828125 0.296875
9 0.18828125 0.68203125 0.21875 0.6359375
9 0.571875 0.59453125 0.1125 0.3234375
9 0.3140625 0.70234375 0.1546875 0.590625
9 0.71640625 0.60234375 0.1125 0.3515625
9 0.44921875 0.67265625 0.16875 0.5484375
9 0.06953125 0.5375 0.05 0.14375
8 0.084375 0.584375 0.0828125 0.6171875 0.09375 0.6578125 0.0921875 0.6859375 0.1265625 0.7875 0.13125 0.84375 0.146875 0.853125 0.15 0.8359375 0.184375 0.8140625 0.19375 0.81875 0.203125 0.8375 0.1890625 0.8625 0.2359375 0.85625 0.2515625 0.840625 0.2671875 0.84375 0.2828125 0.8265625 0.2828125 0.7640625 0.265625 0.634375 0.259375 0.5984375 0.215625 0.5140625 0.20625 0.5046875 0.146875 0.4890625 0.0953125 0.534375
9 0.103125 0.5 0.0265625 0.0453125
3 0.1171875 0.4 0.121875 0.446875 0.1328125 0.446875 0.175 0.425 0.225 0.4234375 0.209375 0.3875 0.1765625 0.36875 0.1546875 0.36875 0.1359375 0.3765625
3 0.4203125 0.41875 0.4234375 0.4453125 0.4515625 0.4328125 0.4859375 0.434375 0.4734375 0.4109375 0.4578125 0.4 0.43125 0.403125
3 0.5484375 0.446875 0.55 0.4625 0.584375 0.459375 0.5828125 0.4421875 0.5734375 0.4328125 0.5546875 0.4328125
3 0.6875 0.44375 0.6859375 0.4546875 0.6921875 0.4609375 0.7234375 0.4625 0.7328125 0.4546875 0.7296875 0.4328125 0.721875 0.425 0.6984375 0.4265625