3 0.2640625 0.3875 0.0890625 0.103125
3 0.45546875 0.403125 0.0671875 0.0875
3 0.66953125 0.39921875 0.0765625 0.0953125
3 0.8484375 0.38125 0.1109375 0.121875
9 0.27890625 0.66875 0.2015625 0.6625
9 0.89140625 0.646875 0.18125 0.6421875
9 0.48515625 0.61171875 0.19375 0.5078125
9 0.68515625 0.6125 0.1703125 0.5234375
8 0.1796875 0.53125 0.18125 0.59375 0.2078125 0.6703125 0.2390625 0.6640625 0.2796875 0.671875 0.2953125 0.6578125 0.296875 0.6421875 0.3078125 0.634375 0.3484375 0.6453125 0.3703125 0.6328125 0.3640625 0.584375 0.340625 0.49375 0.3296875 0.4671875 0.31875 0.45625 0.2953125 0.4546875 0.278125 0.465625 0.2421875 0.434375 0.1875 0.4703125
8 0.27556250000000004 0.561078125 0.1931875 0.238640625
8 0.48367187500000003 0.553984375 0.186078125 0.21590625000000002
8 0.6046875 0.5359375 0.609375 0.625 0.6921875 0.6296875 0.7625 0.621875 0.765625 0.5234375 0.7484375 0.465625 0.7390625 0.4546875 0.7046875 0.4421875 0.6859375 0.4578125 0.659375 0.4578125 0.653125 0.446875 0.6421875 0.45 0.615625 0.4765625
8 0.693890625 0.54475 0.16903125000000002 0.203125
8 0.8046875 0.5828125 0.80625 0.63125 0.8453125 0.6609375 0.903125 0.665625 0.9375 0.6578125 0.9515625 0.6421875 0.959375 0.5125 0.959375 0.4875 0.9421875 0.459375 0.9046875 0.4453125 0.8796875 0.4453125 0.85625 0.4609375 0.821875 0.4609375 0.8125 0.490625
8 0.88565625 0.558953125 0.160515625 0.27131249999999996
8 0.390625 0.496875 0.39375 0.6125 0.4015625 0.634375 0.425 0.6265625 0.43125 0.63125 0.4375 0.646875 0.43125 0.6578125 0.434375 0.6703125 0.4578125 0.6515625 0.4671875 0.6078125 0.4609375 0.515625 0.4390625 0.4421875 0.4 0.465625
8 0.484375 0.4375 0.478125 0.4625 0.503125 0.5703125 0.5 0.5953125 0.5140625 0.6109375 0.5171875 0.653125 0.5359375 0.665625 0.565625 0.6421875 0.55 0.584375 0.571875 0.575 0.578125 0.5578125 0.578125 0.5125 0.528125 0.440625 0.496875 0.434375
3 0.803125 0.3671875 0.8 0.38125 0.809375 0.3875 0.8453125 0.3765625 0.890625 0.384375 0.8984375 0.3765625 0.890625 0.34375 0.8609375 0.325 0.8359375 0.3265625 0.821875 0.334375 0.8109375 0.3453125
3 0.6390625 0.375 0.640625 0.390625 0.659375 0.390625 0.69375 0.40625 0.7 0.4 0.6984375 0.3703125 0.6828125 0.3546875 0.6609375 0.353125
3 0.4234375 0.378125 0.421875 0.3984375 0.4296875 0.409375 0.46796875 0.39375 0.48125 0.3953125 0.4828125 0.3890625 0.4609375 0.3609375 0.434375 0.3625
3 0.225 0.36875 0.2234375 0.3859375 0.23125 0.3984375 0.25 0.384375 0.3015625 0.375 0.2875 0.353125 0.2640625 0.3390625 0.2421875 0.34375