3 0.23828125 0.38671875 0.053125 0.0609375
3 0.7203125 0.5109375 0.0359375 0.0390625
3 0.79296875 0.525 0.0359375 0.046875
3 0.33515625 0.41328125 0.0484375 0.053125
3 0.60625 0.46875 0.0390625 0.0453125
9 0.7359375 0.68203125 0.13125 0.2859375
9 0.24375 0.590625 0.1546875 0.3953125
9 0.3984375 0.5703125 0.1421875 0.303125
9 0.20390625 0.48046875 0.11875 0.2375
9 0.6203125 0.61171875 0.1375 0.24375
9 0.33046875 0.51171875 0.08125 0.2375
9 0.86953125 0.58515625 0.0453125 0.075
9 0.5 0.5828125 0.1125 0.290625
9 0.51640625 0.596875 0.1515625 0.2796875
9 0.7921875 0.57734375 0.040625 0.128125
9 0.68671875 0.6015625 0.096875 0.2125