9 0.49375 0.6515625 0.1171875 0.328125
9 0.5828125 0.61875 0.0921875 0.2296875
9 0.315625 0.6359375 0.0640625 0.23125
9 0.38125 0.65 0.0984375 0.271875
9 0.659375 0.6359375 0.078125 0.2515625
9 0.17109375 0.75078125 0.1828125 0.496875
9 0.74921875 0.5859375 0.05 0.20625
9 0.05703125 0.64921875 0.065625 0.209375
9 0.2765625 0.62734375 0.0453125 0.1984375
9 0.96875 0.58046875 0.0625 0.2359375
9 0.8296875 0.621875 0.11875 0.2890625
9 0.446875 0.61171875 0.046875 0.2234375
9 0.8578125 0.60234375 0.071875 0.2671875