3 0.30859375 0.3296875 0.0953125 0.1203125
3 0.4265625 0.3328125 0.034375 0.05
3 0.72890625 0.365625 0.115625 0.1296875
3 0.6234375 0.365625 0.08125 0.1078125
3 0.57109375 0.3484375 0.0390625 0.0640625
3 0.671875 0.371875 0.0484375 0.09375
9 0.0625 0.6671875 0.1234375 0.665625
9 0.43125 0.44296875 0.084375 0.2734375
9 0.73984375 0.64765625 0.246875 0.7
9 0.309375 0.63203125 0.209375 0.7359375
9 0.60625 0.5671875 0.196875 0.5109375
9 0.55546875 0.5546875 0.0875 0.490625
9 0.5703125 0.5625 0.1265625 0.5015625