9 0.5734375 0.67265625 0.196875 0.653125
9 0.36953125 0.6140625 0.1484375 0.446875
9 0.18359375 0.6140625 0.134375 0.4890625
9 0.0484375 0.68125 0.096875 0.63125
9 0.7875 0.69140625 0.253125 0.6171875
9 0.72109375 0.665625 0.128125 0.5875
6 0.7828125 0.40625 0.784375 0.4671875 0.81875 0.45625 0.8453125 0.4640625 0.8609375 0.41875 0.85625 0.4015625 0.834375 0.3875 0.8171875 0.3859375 0.79375 0.3921875
6 0.5328125 0.3734375 0.528125 0.3984375 0.53125 0.4265625 0.553125 0.4234375 0.5671875 0.409375 0.5921875 0.4015625 0.603125 0.3875 0.603125 0.371875 0.59375 0.3578125 0.5703125 0.35 0.5453125 0.353125
6 0.7234375 0.3875 0.7234375 0.415625 0.7640625 0.409375 0.775 0.4203125 0.7765625 0.384375 0.7671875 0.3734375 0.740625 0.371875
6 0.3546875 0.40625 0.3578125 0.4328125 0.371875 0.43125 0.3859375 0.4109375 0.4078125 0.4234375 0.40625 0.4015625 0.3875 0.390625 0.3703125 0.390625
5 0.21628124999999998 0.41159375000000004 0.052625 0.02878125
6 0.1828125 0.3765625 0.178125 0.4 0.184375 0.4125 0.203125 0.4078125 0.215625 0.3921875 0.2359375 0.390625 0.234375 0.38125 0.215625 0.36875
5 0.021374999999999998 0.415703125 0.029609375 0.022203125
6 0.0109375 0.3640625 0 0.3640625 0 0.4265625 0.015625 0.4109375 0.0359375 0.4078125 0.0421875 0.4 0.0375 0.3796875
8 0.5686718749999999 0.57525 0.160359375 0.28700000000000003
8 0.37293750000000003 0.5530468749999999 0.138984375 0.217921875
8 0.18503125 0.543578125 0.1200625 0.208875
8 0.03125 0.574421875 0.0625 0.23767187500000003
8 0.800171875 0.6073125 0.22204687500000003 0.2919375
8 0.7294375 0.5386562500000001 0.11678124999999999 0.197375
5 0.3955625 0.42434374999999996 0.041125 0.016453125
5 0.74465625 0.42928125 0.048515625 0.02303125
5 0.573609375 0.41076562499999997 0.053453125000000004 0.027140625