3 0.0734375 0.4625 0.1375 0.14375
3 0.19140625 0.4671875 0.0875 0.0984375
3 0.44296875 0.3828125 0.1046875 0.1234375
3 0.5671875 0.38203125 0.08125 0.0875
3 0.7390625 0.35078125 0.096875 0.1109375
3 0.91640625 0.290625 0.075 0.0875
3 0.36484375 0.465625 0.0375 0.040625
3 0.27265625 0.49453125 0.034375 0.0328125
3 0.3828125 0.45859375 0.0265625 0.0296875
9 0.93046875 0.48671875 0.1390625 0.4640625
9 0.253125 0.71171875 0.225 0.5765625
9 0.6171875 0.56640625 0.1609375 0.4421875
9 0.78828125 0.596875 0.203125 0.5828125
9 0.1390625 0.6984375 0.2703125 0.596875
9 0.396875 0.5484375 0.08125 0.20625
9 0.521875 0.66796875 0.25 0.6640625
9 0.315625 0.5625 0.11875 0.1765625
9 0.33203125 0.565625 0.0828125 0.159375