3 0.73984375 0.3609375 0.1578125 0.19375
3 0.165625 0.4875 0.096875 0.1234375
3 0.1109375 0.42890625 0.0515625 0.075
3 0.2515625 0.49453125 0.0796875 0.1171875
3 0.3640625 0.49375 0.06875 0.08125
3 0.43359375 0.49296875 0.0640625 0.0625
3 0.49296875 0.4828125 0.0640625 0.059375
3 0.3328125 0.453125 0.03125 0.0359375
3 0.6578125 0.41015625 0.059375 0.0640625
1 0.740625 0.365625 0.121875 0.053125
9 0.715625 0.62265625 0.5671875 0.7296875
9 0.1140625 0.696875 0.228125 0.6015625
9 0.2265625 0.71796875 0.1890625 0.5625
9 0.05625 0.42734375 0.0671875 0.0984375
9 0.08203125 0.72734375 0.1640625 0.5421875
9 0.42734375 0.57734375 0.121875 0.2359375
9 0.353125 0.60234375 0.1359375 0.3015625
9 0.1140625 0.43125 0.0578125 0.08125