3 0.7078125 0.2953125 0.1359375 0.1734375
3 0.88828125 0.3140625 0.0921875 0.128125
3 0.478125 0.2890625 0.071875 0.1109375
3 0.4046875 0.2671875 0.078125 0.1125
3 0.3453125 0.29609375 0.0859375 0.115625
3 0.21875 0.33046875 0.11875 0.1546875
3 0.103125 0.27578125 0.0859375 0.103125
3 0.5953125 0.3140625 0.0515625 0.0703125
3 0.5453125 0.33125 0.0375 0.059375
3 0.51875 0.3140625 0.04375 0.0703125
3 0.02578125 0.31796875 0.0515625 0.1203125
9 0.6796875 0.609375 0.2875 0.78125
9 0.23203125 0.6234375 0.284375 0.75
9 0.89375 0.62109375 0.209375 0.75625
9 0.4171875 0.52890625 0.128125 0.5828125
9 0.05234375 0.62109375 0.096875 0.7375
9 0.3328125 0.61015625 0.1609375 0.7484375
9 0.821875 0.34296875 0.075 0.1
9 0.59296875 0.36328125 0.084375 0.1578125
9 0.4828125 0.49765625 0.1109375 0.496875
9 0.5375 0.375 0.0796875 0.1953125
9 0.0953125 0.38671875 0.1359375 0.3265625
9 0.3484375 0.5328125 0.1953125 0.596875
9 0.0921875 0.5515625 0.1390625 0.65
9 0.49453125 0.5171875 0.08125 0.43125