3 0.40625 0.44140625 0.121875 0.1421875
9 0.2265625 0.63828125 0.075 0.2078125
9 0.6921875 0.50859375 0.04375 0.1296875
9 0.728125 0.5109375 0.0390625 0.1234375
9 0.48671875 0.6890625 0.3015625 0.621875
9 0.87109375 0.50078125 0.25625 0.3578125
9 0.3390625 0.5765625 0.034375 0.1453125
9 0.51640625 0.5171875 0.0453125 0.08125
9 0.65078125 0.503125 0.0390625 0.084375
9 0.8703125 0.63671875 0.259375 0.678125
9 0.4859375 0.59375 0.2953125 0.4296875
3 0.3625 0.396875 0.3546875 0.425 0.3640625 0.45 0.421875 0.4203125 0.446875 0.415625 0.4328125 0.390625 0.4109375 0.378125 0.384375 0.375