3 0.93671875 0.4125 0.1171875 0.14375
3 0.65234375 0.40390625 0.0609375 0.0828125
3 0.32890625 0.365625 0.0546875 0.075
3 0.06484375 0.334375 0.08125 0.0921875
3 0.27578125 0.33125 0.04375 0.046875
1 0.19375 0.33671875 0.046875 0.021875
9 0.0640625 0.5125 0.128125 0.440625
9 0.1640625 0.509375 0.1265625 0.4
9 0.30625 0.52890625 0.1203125 0.3453125
9 0.753125 0.621875 0.246875 0.4765625
9 0.61796875 0.57265625 0.1578125 0.40625
9 0.4296875 0.56953125 0.1625 0.4046875
9 0.88359375 0.66953125 0.23125 0.65625
9 0.546875 0.56328125 0.10625 0.3625
9 0.2359375 0.5109375 0.065625 0.31875
9 0.50703125 0.5359375 0.0765625 0.3484375
9 0.27421875 0.36328125 0.0578125 0.1046875