9 0.89453125 0.49453125 0.171875 0.3671875
9 0.765625 0.50625 0.1234375 0.290625
9 0.34921875 0.64921875 0.1546875 0.615625
9 0.23515625 0.53125 0.0953125 0.3453125
9 0.125 0.6625 0.1890625 0.65625
9 0.465625 0.55625 0.10625 0.4640625
9 0.0328125 0.65703125 0.065625 0.6015625
9 0.57265625 0.49296875 0.16875 0.39375
9 0.96015625 0.49765625 0.0796875 0.3453125
9 0.034375 0.5578125 0.06875 0.40625
9 0.571875 0.6234375 0.171875 0.6578125
9 0.82578125 0.41015625 0.0828125 0.1671875
9 0.50859375 0.378125 0.0328125 0.05
9 0.82578125 0.45 0.0828125 0.2453125