3 0.83046875 0.47890625 0.0625 0.0671875
3 0.615625 0.43984375 0.0515625 0.0671875
3 0.42421875 0.375 0.059375 0.0671875
3 0.3 0.3625 0.078125 0.0828125
3 0.50859375 0.41796875 0.046875 0.0578125
3 0.12265625 0.3546875 0.0453125 0.0625
3 0.8953125 0.49453125 0.046875 0.0515625
9 0.2546875 0.54609375 0.175 0.4453125
9 0.59609375 0.57109375 0.13125 0.3203125
9 0.50078125 0.546875 0.115625 0.3109375
9 0.4109375 0.53359375 0.1625 0.3828125
9 0.109375 0.4765625 0.1125 0.2875
9 0.8140625 0.62109375 0.11875 0.3515625
9 0.8703125 0.59609375 0.096875 0.25