3 0.09140625 0.3390625 0.0484375 0.059375
3 0.08984375 0.01953125 0.0515625 0.0390625
9 0.30625 0.46796875 0.115625 0.3625
9 0.5609375 0.5046875 0.15 0.5140625
9 0.41796875 0.4375 0.0734375 0.2453125
9 0.19375 0.45390625 0.0890625 0.3015625
9 0.721875 0.4109375 0.046875 0.1578125
9 0.47578125 0.415625 0.0546875 0.178125
9 0.24765625 0.42734375 0.059375 0.23125
9 0.11015625 0.45234375 0.09375 0.25625
9 0.84609375 0.64453125 0.1890625 0.7109375
9 0.6453125 0.43203125 0.0484375 0.259375
9 0.846875 0.525 0.1875 0.4703125
9 0.6828125 0.39453125 0.0375 0.1328125
9 0.77578125 0.4890625 0.0609375 0.1953125
9 0.0453125 0.42109375 0.0546875 0.2
9 0.37265625 0.42421875 0.0546875 0.20625