9 0.36875 0.6578125 0.1859375 0.6828125
3 0.7984375 0.28984375 0.065625 0.0921875
3 0.37578125 0.384375 0.0796875 0.1171875
3 0.4875 0.38984375 0.0828125 0.1125
3 0.64140625 0.3546875 0.0796875 0.1078125
3 0.5578125 0.37265625 0.0625 0.1171875
3 0.79453125 0.0421875 0.0828125 0.084375
10 0.37265625 0.55546875 0.16875 0.2609375
10 0.5265625 0.56015625 0.15625 0.253125
10 0.6734375 0.5609375 0.1890625 0.290625
10 0.8140625 0.43125 0.1609375 0.178125
10 0.953125 0.253125 0.09375 0.13125
10 0.94609375 0.0796875 0.1078125 0.134375
9 0.665625 0.646875 0.18125 0.70625
9 0.52734375 0.65859375 0.2 0.675
9 0.80859375 0.49296875 0.159375 0.49375
9 0.959375 0.7734375 0.08125 0.4484375
9 0.22734375 0.63125 0.1515625 0.7109375
9 0.233640625 0.46968750000000004 0.168140625 0.272703125