3 0.575 0.56640625 0.096875 0.1171875
3 0.75234375 0.55 0.0859375 0.09375
3 0.07578125 0.48984375 0.103125 0.1171875
3 0.16484375 0.5515625 0.0984375 0.09375
3 0.16171875 0.4875 0.0546875 0.0640625
3 0.49140625 0.5375 0.0515625 0.0546875
3 0.8625 0.52109375 0.10625 0.1234375
3 0.96328125 0.58828125 0.0734375 0.1375
3 0.69765625 0.53515625 0.059375 0.078125
3 0.6546875 0.53984375 0.0484375 0.0703125
3 0.5515625 0.525 0.0703125 0.0890625
9 0.07265625 0.7140625 0.1453125 0.56875
9 0.7609375 0.73125 0.1703125 0.4578125
9 0.61015625 0.75078125 0.1984375 0.4984375
9 0.1546875 0.74609375 0.1078125 0.490625
9 0.88515625 0.70859375 0.14375 0.5015625
9 0.48984375 0.66640625 0.1390625 0.359375
9 0.471875 0.67421875 0.0921875 0.3390625
9 0.95234375 0.75703125 0.09375 0.4828125
9 0.9234375 0.7546875 0.1515625 0.4859375
9 0.67578125 0.59609375 0.096875 0.20625