3 0.40234375 0.37421875 0.0671875 0.0828125
3 0.6609375 0.43515625 0.071875 0.0875
3 0.89609375 0.48984375 0.0640625 0.078125
3 0.51015625 0.39609375 0.0515625 0.05625
3 0.5609375 0.41875 0.0296875 0.0359375
3 0.61484375 0.4203125 0.025 0.0328125
3 0.37734375 0.36328125 0.0296875 0.0484375
9 0.84296875 0.6484375 0.1828125 0.384375
9 0.61484375 0.62421875 0.16875 0.4453125
9 0.37265625 0.53515625 0.1828125 0.3921875
9 0.47421875 0.52734375 0.0875 0.2390625
9 0.77421875 0.49140625 0.0265625 0.0484375
9 0.51796875 0.4578125 0.046875 0.1578125
9 0.546875 0.47265625 0.0484375 0.128125
9 0.4765625 0.51640625 0.0578125 0.2171875