3 0.29140625 0.640625 0.09375 0.0859375
3 0.3921875 0.240625 0.040625 0.040625
3 0.7046875 0.65546875 0.03125 0.0296875
3 0.66875 0.66015625 0.0296875 0.0265625
3 0.61875 0.67734375 0.028125 0.028125
3 0.578125 0.6671875 0.0328125 0.03125
3 0.8875 0.62734375 0.0328125 0.03125
10 0.2875 0.76328125 0.190625 0.228125
10 0.38671875 0.29140625 0.1046875 0.1203125
10 0.52734375 0.09765625 0.090625 0.11875
10 0.553125 0.18828125 0.090625 0.103125
9 0.5953125 0.71796875 0.0578125 0.121875
9 0.684375 0.71015625 0.0484375 0.1125
9 0.72734375 0.7015625 0.0515625 0.115625
9 0.50703125 0.15 0.1625 0.2984375
9 0.63359375 0.71875 0.04375 0.1
9 0.30078125 0.80625 0.1640625 0.3859375