3 0.50546875 0.425 0.13125 0.1328125
3 0.878125 0.2921875 0.0796875 0.109375
3 0.57109375 0.25390625 0.0703125 0.08125
3 0.97421875 0.27734375 0.0515625 0.078125
3 0.21953125 0.38828125 0.05625 0.071875
3 0.55859375 0.3375 0.059375 0.05625
3 0.71796875 0.2890625 0.04375 0.04375
3 0.71796875 0.04375 0.028125 0.04375
3 0.57265625 0.08203125 0.08125 0.065625
3 0.96953125 0.053125 0.0609375 0.078125
3 0.875 0.04921875 0.06875 0.096875
3 0.81953125 0.04609375 0.0734375 0.0765625
3 0.8125 0.28671875 0.065625 0.075
3 0.4421875 0.475 0.071875 0.1125
9 0.7703125 0.44375 0.153125 0.3953125
9 0.5921875 0.30390625 0.115625 0.184375
9 0.47890625 0.5328125 0.1921875 0.35625
9 0.60546875 0.5515625 0.1828125 0.34375
9 0.95546875 0.4859375 0.0875 0.4875
9 0.88671875 0.48125 0.1578125 0.4765625
9 0.7140625 0.440625 0.05 0.3546875
9 0.71484375 0.3765625 0.046875 0.225
9 0.7234375 0.44140625 0.0609375 0.38125