3 0.47109375 0.303125 0.165625 0.21875
9 0.5703125 0.53046875 0.3828125 0.5921875
3 0.390625 0.2390625 0.3875 0.278125 0.4046875 0.315625 0.4078125 0.3546875 0.4234375 0.353125 0.459375 0.334375 0.5234375 0.2484375 0.515625 0.225 0.465625 0.1953125 0.4203125 0.203125
6 0.5625 0.290625 0.565625 0.3015625 0.55625 0.31875 0.559375 0.34375 0.58125 0.3421875 0.5953125 0.3546875 0.6234375 0.359375 0.63125 0.35625 0.6359375 0.3390625 0.6515625 0.3296875 0.6703125 0.3453125 0.703125 0.4109375 0.7125 0.4109375 0.7265625 0.3890625 0.74375 0.3875 0.765625 0.3453125 0.74375 0.3421875 0.653125 0.2765625 0.63125 0.26875 0.6 0.2703125
8 0.686265625 0.6032031250000001 0.23931249999999998 0.35607812499999997
8 0.5139843749999999 0.551390625 0.2549375 0.359375
4 0.6546093749999999 0.352796875 0.04934375 0.055921874999999996
4 0.532484375 0.288234375 0.03371875 0.050171875
9 0.900078125 0.504109375 0.199828125 0.5625
6 0.978125 0.2703125 0.9203125 0.325 0.884375 0.3375 0.909375 0.375 0.928125 0.38125 0.9421875 0.3984375 0.959375 0.3953125 0.96875 0.353125 0.9890625 0.3203125 0.9875 0.275 0.984375 0.26875
8 0.9074843749999999 0.587171875 0.18503125 0.37829687500000003