3 0.23515625 0.4046875 0.0703125 0.075
3 0.33828125 0.40625 0.0515625 0.059375
3 0.45546875 0.36484375 0.0546875 0.0625
3 0.5296875 0.3546875 0.05625 0.05625
3 0.834375 0.23359375 0.0765625 0.084375
3 0.1765625 0.453125 0.040625 0.05
3 0.0984375 0.49765625 0.0265625 0.028125
3 0.0140625 0.521875 0.028125 0.046875
3 0.8 0.28125 0.0296875 0.0265625
9 0.2671875 0.56015625 0.15625 0.38125
9 0.90078125 0.3828125 0.196875 0.3421875
9 0.4796875 0.484375 0.1140625 0.290625
9 0.8078125 0.3390625 0.0671875 0.1359375
9 0.36171875 0.49609375 0.1109375 0.23125
9 0.10625 0.5421875 0.0484375 0.103125
9 0.5828125 0.46171875 0.1625 0.25625
9 0.171875 0.4953125 0.0578125 0.103125