3 0.8484375 0.559375 0.046875 0.0546875
3 0.91015625 0.58359375 0.0453125 0.05625
3 0.11015625 0.4625 0.0578125 0.0515625
3 0.253125 0.45390625 0.0578125 0.0515625
3 0.18359375 0.44453125 0.0625 0.05
3 0.4140625 0.490625 0.028125 0.0296875
3 0.3484375 0.475 0.0234375 0.025
3 0.303125 0.48359375 0.0171875 0.0171875
3 0.378125 0.48046875 0.01875 0.0203125
3 0.33671875 0.47109375 0.0203125 0.0203125
9 0.2546875 0.5515625 0.0828125 0.2515625
9 0.12734375 0.5765625 0.0828125 0.275
9 0.403125 0.5453125 0.0578125 0.121875
9 0.90078125 0.67421875 0.075 0.2
9 0.34140625 0.52421875 0.0375 0.1125
9 0.2046875 0.5484375 0.0765625 0.225
9 0.19375 0.5484375 0.05625 0.221875