3 0.22421875 0.30078125 0.08125 0.1203125
3 0.36328125 0.34453125 0.0875 0.128125
3 0.5640625 0.2875 0.0796875 0.11875
3 0.50390625 0.365625 0.0796875 0.1125
3 0.67265625 0.3578125 0.0828125 0.1171875
3 0.81875 0.3015625 0.096875 0.128125
3 0.8234375 0.04765625 0.103125 0.0953125
3 0.565625 0.0515625 0.0890625 0.103125
3 0.22578125 0.04921875 0.0859375 0.0953125
10 0.21015625 0.503125 0.175 0.275
10 0.34609375 0.53828125 0.171875 0.275
10 0.846875 0.5109375 0.1953125 0.3078125
9 0.21796875 0.50078125 0.1796875 0.51875
9 0.83203125 0.61640625 0.215625 0.7609375
9 0.659375 0.5125 0.1640625 0.4234375
9 0.34296875 0.47890625 0.1828125 0.3984375
9 0.578125 0.34453125 0.1109375 0.228125
9 0.50234375 0.49453125 0.1875 0.3734375