9 0.215625 0.5421875 0.115625 0.3296875
9 0.1453125 0.66875 0.21875 0.60625
9 0.49296875 0.596875 0.0890625 0.325
9 0.55546875 0.63359375 0.0890625 0.3640625
9 0.6453125 0.696875 0.1375 0.5578125
9 0.76796875 0.7171875 0.2375 0.5640625
3 0.63671875 0.459375 0.071875 0.0984375
3 0.5578125 0.48671875 0.065625 0.078125
3 0.490625 0.4640625 0.0515625 0.0625
3 0.440625 0.465625 0.0421875 0.0546875
3 0.140625 0.41328125 0.084375 0.1078125
3 0.2203125 0.4046875 0.05625 0.065625
3 0.76796875 0.49453125 0.125 0.140625
8 0.10625 0.58828125 0.1765625 0.3296875
8 0.2234375 0.540625 0.1140625 0.2328125
8 0.48203125 0.59453125 0.09375 0.2
8 0.54959375 0.6265625 0.11875 0.2453125
8 0.77578125 0.74375 0.2265625 0.3640625
8 0.6421875 0.62421875 0.146875 0.2515625
8 0.90703125 0.7734375 0.1765625 0.421875
8 0.42578125 0.571875 0.0859375 0.1703125
9 0.44375 0.565625 0.053125 0.24375