3 0.35 0.33359375 0.0875 0.1078125
3 0.1296875 0.34375 0.0453125 0.065625
3 0.66171875 0.2984375 0.1171875 0.1296875
3 0.5390625 0.253125 0.5453125 0.2953125 0.575 0.2984375 0.5984375 0.2875 0.6015625 0.2671875 0.5875 0.240625 0.5625 0.234375 0.55 0.2390625
3 0.5734375 0.2765625 0.0671875 0.0828125
3 0.89140625 0.0453125 0.16875 0.0703125
3 0.65859375 0.04765625 0.1375 0.078125
3 0.5640625 0.03203125 0.0796875 0.053125
9 0.09765625 0.44140625 0.10625 0.2578125
9 0.865625 0.50625 0.2671875 0.571875
9 0.3046875 0.496875 0.171875 0.4296875
9 0.62890625 0.525 0.38125 0.596875
9 0.0234375 0.45859375 0.046875 0.1609375
3 0.6046875 0.2734375 0.6046875 0.290625 0.61875 0.3015625 0.653125 0.30625 0.6890625 0.3203125 0.7109375 0.309375 0.7078125 0.259375 0.68125 0.2328125 0.6546875 0.2296875 0.6265625 0.2390625
3 0.3125 0.30625 0.3109375 0.3234375 0.315625 0.328125 0.365625 0.3609375 0.38125 0.35625 0.3875 0.315625 0.371875 0.2890625 0.3390625 0.2828125 0.325 0.2890625
3 0.109375 0.3265625 0.109375 0.3390625 0.140625 0.3484375 0.146875 0.3453125 0.146875 0.3234375 0.140625 0.315625 0.11875 0.3140625