3 0.27734375 0.36328125 0.0828125 0.096875
3 0.465625 0.39921875 0.0625 0.084375
3 0.67890625 0.41796875 0.0703125 0.090625
3 0.859375 0.41796875 0.103125 0.115625
9 0.26640625 0.65 0.190625 0.671875
9 0.8734375 0.68125 0.1765625 0.6375
9 0.4796875 0.6046875 0.196875 0.5
9 0.67734375 0.6609375 0.171875 0.5796875
3 0.2421875 0.3359375 0.2421875 0.36875 0.2921875 0.3546875 0.3109375 0.3609375 0.315625 0.3546875 0.309375 0.3375 0.2828125 0.3140625 0.259375 0.3171875
3 0.434375 0.375 0.4359375 0.4 0.471875 0.390625 0.49375 0.39375 0.4890625 0.3734375 0.471875 0.35625 0.4515625 0.35625
3 0.65 0.39375 0.6515625 0.4078125 0.659375 0.40625 0.703125 0.4265625 0.7125 0.415625 0.7109375 0.390625 0.69375 0.3734375 0.66875 0.3734375
3 0.825 0.3796875 0.8109375 0.409375 0.81875 0.4203125 0.8609375 0.4140625 0.903125 0.425 0.909375 0.41875 0.90625 0.3875 0.8796875 0.3640625 0.85 0.3640625
8 0.1765625 0.50625 0.1734375 0.559375 0.1921875 0.6390625 0.2171875 0.6375 0.2640625 0.6484375 0.3078125 0.61875 0.321875 0.6265625 0.3578125 0.61875 0.340625 0.4625 0.3140625 0.415625 0.303125 0.41875 0.29375 0.440625 0.2796875 0.440625 0.271875 0.4203125 0.2515625 0.3984375 0.2375 0.415625 0.1984375 0.43125
8 0.384375 0.534375 0.3828125 0.6015625 0.3875 0.6234375 0.4 0.61875 0.415625 0.621875 0.4203125 0.6375 0.4140625 0.6421875 0.4140625 0.6625 0.4265625 0.6734375 0.4359375 0.66875 0.4390625 0.6546875 0.45 0.653125 0.4515625 0.6421875 0.459375 0.5046875 0.446875 0.434375 0.396875 0.4625
8 0.490625 0.434375 0.4828125 0.4734375 0.49375 0.53125 0.5015625 0.665625 0.5171875 0.66875 0.55 0.65 0.5421875 0.5921875 0.5609375 0.584375 0.571875 0.5640625 0.5765625 0.51875 0.53125 0.4421875
8 0.5953125 0.5828125 0.59375 0.63125 0.5984375 0.6390625 0.6234375 0.6375 0.671875 0.65 0.746875 0.65 0.7609375 0.5828125 0.7609375 0.5421875 0.7484375 0.4890625 0.70625 0.45625 0.6765625 0.4765625 0.65 0.4578125 0.615625 0.4921875
8 0.79375 0.61875 0.790625 0.66875 0.803125 0.6671875 0.8265625 0.696875 0.8640625 0.7265625 0.871875 0.7296875 0.93125 0.7015625 0.9578125 0.5515625 0.9578125 0.5328125 0.946875 0.5078125 0.8921875 0.4609375 0.878125 0.4625 0.8453125 0.484375 0.8328125 0.471875 0.825 0.4734375