3 0.45234375 0.44453125 0.0796875 0.08125
3 0.675 0.521875 0.059375 0.0890625
3 0.73125 0.50859375 0.0515625 0.090625
3 0.24765625 0.48046875 0.0640625 0.096875
3 0.159375 0.4828125 0.0515625 0.05
3 0.0125 0.4671875 0.025 0.071875
9 0.415625 0.5984375 0.1421875 0.4046875
9 0.79921875 0.76796875 0.1609375 0.4609375
9 0.18125 0.61796875 0.190625 0.3859375
9 0.54296875 0.584375 0.18125 0.4390625
9 0.54453125 0.67890625 0.1875 0.6296875
9 0.6625 0.63203125 0.2 0.34375
9 0.6609375 0.72421875 0.2015625 0.53125
9 0.1796875 0.71484375 0.1890625 0.5703125