9 0.59453125 0.57890625 0.2125 0.465625
9 0.45625 0.5484375 0.1609375 0.35
9 0.86875 0.60703125 0.1734375 0.440625
9 0.05703125 0.40625 0.0546875 0.1578125
9 0.7328125 0.603125 0.11875 0.396875
9 0.29140625 0.5078125 0.1859375 0.3546875
9 0.94453125 0.67890625 0.1109375 0.6
9 0.1765625 0.4109375 0.0421875 0.1375
9 0.9265625 0.6515625 0.14375 0.540625
9 0.2015625 0.43203125 0.0375 0.1296875
9 0.23203125 0.4265625 0.0390625 0.11875
6 0.5842968749999999 0.38651562500000003 0.088 0.0674375
6 0.7516406250000001 0.42721875000000004 0.069078125 0.038656249999999996
6 0.888984375 0.40954687500000003 0.055921874999999996 0.039468750000000004
6 0.973265625 0.40665625 0.043578125 0.048515625
6 0.327296875 0.359375 0.059203125 0.055921874999999996
6 0.45846875000000004 0.397203125 0.05675 0.039468750000000004