3 0.22265625 0.2375 0.175 0.1578125
3 0.83046875 0.3171875 0.1609375 0.1703125
3 0.09921875 0.3015625 0.10625 0.109375
3 0.1640625 0.040625 0.1625 0.078125 0.1703125 0.0984375 0.1859375 0.115625 0.2140625 0.1265625 0.240625 0.128125 0.3140625 0.06875 0.3125 0.0546875 0.2953125 0.0484375 0.284375 0.0703125 0.2734375 0.078125 0.2125 0.0734375 0.1875 0.0671875
3 0.2359375 0.0640625 0.15 0.128125
3 0.371875 0.29921875 0.1109375 0.1078125
3 0.396875 0.03984375 0.115625 0.0796875
9 0.2078125 0.56875 0.3046875 0.828125
9 0.07890625 0.6046875 0.15625 0.7140625
9 0.8671875 0.6109375 0.265625 0.7671875
9 0.40390625 0.61328125 0.25 0.740625
3 0.146875 0.2078125 0.14375 0.225 0.153125 0.240625 0.1578125 0.2265625 0.1734375 0.2234375 0.1828125 0.2125 0.253125 0.2140625 0.271875 0.2296875 0.275 0.246875 0.2984375 0.240625 0.2984375 0.2265625 0.275 0.2078125 0.246875 0.165625 0.2359375 0.1609375 0.2046875 0.159375 0.1765625 0.16875 0.1625 0.1796875
3 0.05625 0.2796875 0.0578125 0.3046875 0.0703125 0.2890625 0.084375 0.2875 0.153125 0.296875 0.140625 0.26875 0.109375 0.25 0.06875 0.2609375
3 0.7546875 0.321875 0.753125 0.3296875 0.7625 0.3390625 0.790625 0.31875 0.8515625 0.2921875 0.875 0.2890625 0.8953125 0.2984375 0.9046875 0.28125 0.871875 0.2390625 0.8421875 0.2296875 0.8140625 0.23125 0.778125 0.2515625
3 0.7859375 0.046875 0.7765625 0.0609375 0.7890625 0.1359375 0.809375 0.1546875 0.8453125 0.1671875 0.8765625 0.1625 0.915625 0.128125 0.915625 0.1140625 0.8875 0.1125 0.8375 0.0875 0.809375 0.06875 0.8078125 0.05625
3 0.4109375 0.05625 0.4125 0.071875 0.4390625 0.0671875 0.4453125 0.059375 0.4390625 0.0359375
3 0.346875 0.0140625 0.3546875 0.05625 0.3765625 0.06875 0.3796875 0.0484375 0.365625 0 0.3515625 0
5 0.24259375 0.24465625000000002 0.069078125 0.03371875
5 0.814140625 0.33264062499999997 0.06414062499999999 0.025500000000000002
5 0.83840625 0.06003125 0.06825 0.027953125000000002
5 0.246296875 0.037421875 0.092921875 0.0419375