9 0.20546875 0.671875 0.2890625 0.653125
9 0.3609375 0.66796875 0.2328125 0.6625
9 0.71796875 0.634375 0.271875 0.6828125
9 0.5734375 0.65625 0.2 0.684375
9 0.89296875 0.63125 0.1859375 0.68125
9 0.0609375 0.665625 0.1203125 0.6671875
9 0.51875 0.65546875 0.33125 0.6859375
6 0.140625 0.37429687500000003 0.085234375 0.035515625
6 0.34943749999999996 0.36506249999999996 0.0625 0.02840625
6 0.54475 0.34304687500000003 0.061078125000000004 0.032671875
6 0.64275 0.324578125 0.109375 0.046875
6 0.843046875 0.31179687500000003 0.0724375 0.032671875
6 0.024140625 0.36648437500000003 0.048296875 0.051140624999999995