9 0.47265625 0.353125 0.128125 0.1359375
9 0.778125 0.43125 0.2328125 0.2296875
9 0.0765625 0.91484375 0.153125 0.1703125
9 0.69765625 0.37578125 0.1296875 0.1734375
9 0.85 0.51875 0.2984375 0.3125
9 0.0765625 0.49375 0.153125 0.278125
9 0.171875 0.43359375 0.1328125 0.2015625
9 0.24296875 0.35234375 0.0734375 0.1046875
9 0.10546875 0.44296875 0.1234375 0.2015625
9 0.8015625 0.07421875 0.3921875 0.1484375
6 0.7554683270655541 0.3347811148367422 0.7626271685148933 0.35625763918475967 0.769364901643683 0.3743652969683822 0.80625 0.375 0.821875 0.35625 0.815625 0.3390625 0.81875 0.325 0.80625 0.31875 0.7859375 0.31875 0.7702071182847818 0.32299008186136013
9 0.8578125 0.34296875 0.0671875 0.0640625
6 0.009375 0.35625 0 0.359375 0 0.428125 0.040625 0.425 0.053125 0.409375 0.0546875 0.3765625 0.0328125 0.35625
9 0.06953125 0.334375 0.0703125 0.0421875
6 0.4640625 0.29687499999999994 0.4625 0.303125 0.46875 0.30624999999999997 0.4834323519906668 0.3015135575133427 0.5065933096208817 0.30277688247499074 0.496875 0.28906249999999994 0.4859375 0.28593749999999996
6 0.7078125 0.2921875 0.7024086786763346 0.2968813659872997 0.7217796614216052 0.3002502325516946 0.7234375 0.3140625 0.74375 0.325 0.7484375 0.3109375 0.7375 0.2921875
6 0.06875 0.3765625 0.0671875 0.3890625 0.078125 0.4015625 0.0953125 0.4015625 0.1109375 0.3765625 0.137784090909091 0.3764204545454546 0.103125 0.35625 0.09375 0.3515625 0.0828125 0.353125
6 0.9015625 0.3890625 0.9015625 0.4046875 0.9296875 0.4359375 0.963068181818182 0.44176136363636365 0.974431818181818 0.3892045454545454 0.94375 0.36875 0.9125 0.371875 0.9125 0.38125
6 0.146875 0.340625 0.1375 0.35 0.1453125 0.36875 0.175 0.375 0.2046875 0.3625 0.1984375 0.3484375 0.178125 0.3359375
6 0.0703125 0.04375 0.06875 0.071875 0.078125 0.0921875 0.0953125 0.0921875 0.1140625 0.078125 0.115625 0.05625 0.0984375 0.0390625 0.0734375 0.0390625
6 0.209375 0.10625 0.209375 0.125 0.225 0.134375 0.240625 0.134375 0.253125 0.125 0.2546875 0.11875 0.2390625 0.11875 0.2359375 0.1125
6 0.0125 0 0 0 0 0.0765625 0.0296875 0.0796875 0.05 0.0625 0.053125 0.025 0.04375 0.009375 0.034375 0.0125
6 0.890625 0.0359375 0.890625 0.0484375 0.9015625 0.0609375 0.9296875 0.071875 0.953125 0.0703125 0.9703125 0.0515625 0.9703125 0.0046875 0.928125 0
6 0.725 0.13125 0.7265625 0.1453125 0.7390625 0.1421875 0.7484375 0.128125 0.7484375 0.115625 0.740625 0.1140625
6 0.4640625 0.134375 0.46875 0.153125 0.496875 0.1546875 0.503125 0.1390625
6 0.209375 0.3125 0.209375 0.328125 0.225 0.3265625 0.2390625 0.3140625 0.25625 0.3140625 0.2390625 0.3015625 0.225 0.3015625