3 0.27734375 0.32734375 0.059375 0.065625
3 0.375 0.3609375 0.0421875 0.053125
3 0.5 0.3578125 0.0453125 0.05625
3 0.5734375 0.37109375 0.0484375 0.0484375
3 0.90078125 0.35 0.0640625 0.0734375
3 0.20703125 0.35546875 0.0328125 0.04375
3 0.11875 0.3734375 0.021875 0.025
3 0.02421875 0.36875 0.0375 0.0421875
3 0.85234375 0.384375 0.0265625 0.021875
9 0.49140625 0.4765625 0.096875 0.290625
9 0.9109375 0.49609375 0.159375 0.375
9 0.3671875 0.459375 0.08125 0.2515625
9 0.2546875 0.4875 0.1015625 0.3921875
9 0.11640625 0.4203125 0.034375 0.1078125
9 0.603125 0.47890625 0.1515625 0.2609375
9 0.196875 0.45234375 0.075 0.2359375
9 0.846875 0.44140625 0.0390625 0.1375
9 0.0375 0.44921875 0.0734375 0.178125
9 0.190625 0.42421875 0.065625 0.18125
9 0.975 0.5234375 0.0484375 0.28125