9 0.26171875 0.64415625 0.0953125 0.2546875
8 0.178453125 0.575234375 0.1034375 0.12037500000000001
3 0.2 0.49609375 0.0625 0.0671875
8 0.089953125 0.534375 0.093078125 0.15209375
3 0.1203125 0.440625 0.06875 0.0734375
3 0.29375 0.546875 0.05 0.0515625
3 0.33671875 0.571875 0.0375 0.0390625
3 0.15625 0.4796875 0.028125 0.03125
3 0.4328125 0.57421875 0.040625 0.0484375
3 0.5265625 0.61875 0.0421875 0.04375
3 0.62890625 0.4421875 0.0484375 0.046875
3 0.23671875 0.5546875 0.0421875 0.0375
8 0.2796875 0.624625 0.0953125 0.1234375
9 0.0828125 0.56328125 0.140625 0.2984375
9 0.1640625 0.61171875 0.134375 0.290625
9 0.33046875 0.6421875 0.05625 0.15625