9 0.18203125 0.80859375 0.2484375 0.38125
9 0.40546875 0.83515625 0.29375 0.3296875
9 0.3171875 0.621875 0.075 0.0890625
9 0.471875 0.62734375 0.10625 0.1125
9 0.62109375 0.63671875 0.128125 0.1140625
9 0.03046875 0.6296875 0.0609375 0.1234375
9 0.8328125 0.646875 0.128125 0.196875
9 0.3953125 0.62421875 0.078125 0.103125
9 0.109375 0.60703125 0.078125 0.075
9 0.2 0.61171875 0.0875 0.09375
9 0.465625 0.74765625 0.0515625 0.06875
9 0.03125 0.6109375 0.0609375 0.0859375
9 0.03046875 0.8296875 0.0609375 0.3265625