3 0.265625 0.22265625 0.053125 0.06875
3 0.5921875 0.54765625 0.075 0.075
3 0.634375 0.25703125 0.05625 0.065625
3 0.428125 0.60859375 0.0640625 0.053125
3 0.065625 0.21953125 0.0546875 0.06875
3 0.72109375 0.73359375 0.06875 0.0578125
3 0.9515625 0.7375 0.0515625 0.0671875
3 0.93125 0.86953125 0.05625 0.0671875
3 0.74921875 0.86640625 0.0578125 0.0640625
9 0.4546875 0.7890625 0.1984375 0.415625
9 0.61328125 0.75078125 0.1421875 0.49375
9 0.6828125 0.353125 0.153125 0.2625
9 0.953125 0.3796875 0.0921875 0.215625
9 0.278125 0.3578125 0.165625 0.3421875
9 0.06484375 0.35703125 0.1296875 0.3390625