3 0.1703125 0.49140625 0.1375 0.14375
3 0.3015625 0.49609375 0.115625 0.103125
3 0.44375 0.453125 0.090625 0.096875
3 0.5625 0.45 0.05625 0.06875
3 0.69765625 0.41796875 0.0625 0.071875
3 0.51171875 0.47734375 0.0484375 0.0578125
3 0.77578125 0.4171875 0.05625 0.0625
3 0.36484375 0.50390625 0.05 0.065625
3 0.07421875 0.55390625 0.028125 0.03125
9 0.80703125 0.53671875 0.1125 0.2859375
9 0.08203125 0.61015625 0.0515625 0.14375
9 0.5984375 0.57890625 0.14375 0.3140625
9 0.228125 0.709375 0.25625 0.571875
9 0.75625 0.5640625 0.096875 0.328125
9 0.34140625 0.721875 0.2140625 0.5546875
9 0.69453125 0.55546875 0.0890625 0.3078125
9 0.4625 0.6765625 0.1640625 0.540625
9 0.1015625 0.6046875 0.0265625 0.1109375
9 0.7078125 0.5546875 0.1078125 0.3375
9 0.709375 0.55390625 0.0734375 0.3171875
9 0.5171875 0.59609375 0.0984375 0.3015625