9 0.52421875 0.66796875 0.1046875 0.3046875
9 0.425 0.6578125 0.09375 0.2984375
9 0.61640625 0.66953125 0.0875 0.3109375
9 0.790625 0.69375 0.1078125 0.3171875
9 0.121875 0.65625 0.0984375 0.2875
9 0.29453125 0.65703125 0.0875 0.2828125
9 0.04140625 0.6453125 0.08125 0.2859375
9 0.20703125 0.66015625 0.096875 0.2953125
9 0.68671875 0.6921875 0.0859375 0.2828125
9 0.73828125 0.6703125 0.0625 0.3265625
8 0.7109375 0.5765625 0.709375 0.590625 0.725 0.60625 0.7296875 0.6203125 0.728125 0.6625 0.74375 0.6671875 0.7578125 0.653125 0.7609375 0.6375 0.7546875 0.60625 0.7640625 0.584375 0.759375 0.559375 0.725 0.5578125
9 0.73984375 0.559375 0.0609375 0.1046875
6 0.0265625 0.5109375 0.0296875 0.5296875 0.0390625 0.525 0.05625 0.5328125 0.0625 0.5203125 0.05 0.5015625 0.0359375 0.5015625
7 0.12996875000000002 0.51846875 0.038359375 0.017046875
6 0.115625 0.51875 0.115625 0.534375 0.1375 0.528125 0.1421875 0.5375 0.1453125 0.534375 0.1390625 0.5140625 0.1265625 0.5125
7 0.220171875 0.519890625 0.039765625 0.017046875
6 0.209375 0.51875 0.2078125 0.534375 0.2390625 0.5328125 0.2359375 0.5203125 0.2265625 0.5140625
6 0.60625 0.5140625 0.5973674191985021 0.5207257048585182 0.6 0.5296875 0.6109439514530134 0.5229154681253749 0.621875 0.5265625 0.6328125 0.534375 0.6332795367749515 0.5272949946590882 0.6310897735080949 0.5167841309781762 0.6203125 0.5125
7 0.78409375 0.545453125 0.03409375 0.014203125
6 0.7671875 0.540625 0.765625 0.54375 0.765625 0.5546875 0.7671875 0.55625 0.76875 0.55625 0.7712346225869222 0.5461269587540556 0.7778039123874922 0.545251053447313 0.7900665866818897 0.543937195487199 0.79375 0.553125 0.7953125 0.55625 0.8 0.5578125 0.803125 0.55625 0.803125 0.546875 0.8015625 0.54375 0.790625 0.5359375 0.775 0.5359375 0.76875 0.540625
6 0.5078125 0.51875 0.5046875 0.525 0.5046875 0.534375 0.509375 0.534375 0.5124046044444628 0.526857042005717 0.5234375 0.5265625 0.5299227105793163 0.5277329473124597 0.53125 0.534375 0.5359375 0.534375 0.5359375 0.5265625 0.534375 0.525 0.534375 0.5203125 0.528125 0.515625 0.5234375 0.5140625 0.5140625 0.5140625
8 0.76875 0.596875 0.7625 0.646875 0.7640625 0.7 0.7859375 0.71875 0.809375 0.71875 0.828125 0.7109375 0.8359375 0.696875 0.84375 0.6453125 0.8359375 0.5953125 0.8015625 0.578125
8 0.5734375 0.5765625 0.5734375 0.646875 0.584375 0.6890625 0.5984375 0.6890625 0.6078125 0.696875 0.6359375 0.6875 0.634375 0.6796875 0.65 0.6765625 0.65625 0.6578125 0.6609375 0.6 0.6546875 0.56875 0.6265625 0.559375 0.615625 0.5734375 0.5953125 0.5578125 0.5796875 0.5640625
8 0.4734375 0.615625 0.4734375 0.6546875 0.4890625 0.65625 0.49375 0.6671875 0.5640625 0.6640625 0.571875 0.6546875 0.56875 0.58125 0.5625 0.5640625 0.5421875 0.5515625 0.515625 0.5609375 0.503125 0.5578125 0.4921875 0.565625 0.478125 0.590625
8 0.3890625 0.5640625 0.384375 0.578125 0.3875 0.66875 0.3953125 0.6734375 0.41875 0.665625 0.446875 0.675 0.46875 0.6234375 0.4671875 0.5671875 0.446875 0.5515625 0.4390625 0.553125 0.434375 0.5625 0.4265625 0.5625 0.4203125 0.5515625 0.4078125 0.5515625
8 0.2546875 0.5625 0.253125 0.6203125 0.2625 0.6703125 0.2734375 0.6703125 0.28125 0.6515625 0.2921875 0.646875 0.3140625 0.66875 0.321875 0.66875 0.33125 0.653125 0.328125 0.6265625 0.334375 0.609375 0.328125 0.5578125 0.309375 0.55 0.284375 0.5578125 0.278125 0.55
8 0.1671875 0.6296875 0.165625 0.6578125 0.1796875 0.6734375 0.225 0.678125 0.2484375 0.6671875 0.2515625 0.5671875 0.2359375 0.559375 0.2265625 0.5671875 0.209375 0.5640625 0.2046875 0.5578125 0.184375 0.5640625 0.1734375 0.5890625
8 0.0828125 0.5765625 0.0796875 0.6 0.090625 0.633984375 0.090625 0.6609375 0.109375 0.659375 0.1109375 0.66875 0.1484375 0.675 0.15625 0.65625 0.1546875 0.6296875 0.1671875 0.6046875 0.1625 0.565625 0.1421875 0.553125 0.125 0.5625 0.1140625 0.55 0.0921875 0.559375
8 0.00625 0.5578125 0 0.565625 0 0.6515625 0.0078125 0.65625 0.009375 0.6734375 0.028125 0.6734375 0.0390625 0.6546875 0.040492202025294355 0.6416929697496718 0.05910372573808433 0.6352193962843536 0.0671875 0.6578125 0.07771524945087431 0.6514033299476493 0.0796875 0.6375 0.0796875 0.5671875 0.059375 0.540625 0.046875 0.5546875 0.034375 0.55625 0.0265625 0.5453125
7 0.43181250000000004 0.516328125 0.0369375 0.01846875
7 0.749296875 0.52059375 0.038359375 0.015625
7 0.042609375 0.511359375 0.0369375 0.014203125
7 0.287640625 0.5213125 0.029828125 0.008515625