3 0.3 0.34921875 0.09375 0.11875
3 0.4234375 0.31953125 0.0953125 0.1109375
3 0.5359375 0.3140625 0.1 0.121875
3 0.821875 0.2984375 0.090625 0.090625
3 0.915625 0.303125 0.0890625 0.1125
3 0.6734375 0.32734375 0.0765625 0.1125
9 0.54921875 0.625 0.2421875 0.7421875
9 0.29296875 0.64765625 0.2015625 0.7046875
9 0.7 0.540625 0.1453125 0.5296875
9 0.92421875 0.61171875 0.15 0.721875
9 0.81953125 0.51953125 0.1421875 0.53125
9 0.41171875 0.4953125 0.1296875 0.4546875
9 0.4109375 0.61640625 0.1296875 0.6890625