9 0.89453125 0.65390625 0.18125 0.6890625
9 0.71484375 0.64375 0.2546875 0.6921875
9 0.36484375 0.6609375 0.240625 0.6734375
9 0.2015625 0.6625 0.284375 0.671875
9 0.56640625 0.65546875 0.1890625 0.6734375
9 0.478125 0.659375 0.3671875 0.68125
9 0.1296875 0.65234375 0.259375 0.6921875
6 0.321875 0.3546875 0.3203125 0.3796875 0.325 0.3859375 0.3625 0.378125 0.384375 0.3875 0.390625 0.3796875 0.3875 0.3484375 0.375 0.3375 0.34375 0.3328125
6 0.1078125 0.3609375 0.10625 0.40625 0.109375 0.4171875 0.121875 0.421875 0.1296875 0.4125 0.134375 0.3890625 0.146875 0.3828125 0.1609375 0.3921875 0.1671875 0.3890625 0.171875 0.3671875 0.1875 0.3578125 0.1875 0.3484375 0.165625 0.334375 0.1359375 0.3296875
6 0.0046875 0.30625 0 0.3078125 0 0.3671875 0.0125 0.3734375 0.0484375 0.334375 0.0359375 0.3203125
6 0.521875 0.3421875 0.5203125 0.365625 0.5265625 0.378125 0.55 0.3640625 0.5828125 0.3796875 0.5875 0.3765625 0.5875 0.3421875 0.5703125 0.325 0.540625 0.321875
6 0.5984375 0.3390625 0.596875 0.3515625 0.6046875 0.3703125 0.6390625 0.35 0.6703125 0.36875 0.7078125 0.3671875 0.703125 0.3359375 0.665625 0.3 0.65 0.2984375 0.63125 0.30625
6 0.815625 0.325 0.809375 0.33125 0.8109375 0.3390625 0.84375 0.3296875 0.8625 0.3578125 0.88125 0.3625 0.8875 0.371875 0.890625 0.3390625 0.8734375 0.3140625 0.840625 0.3125
8 0.890625 0.47696875 0.189140625 0.185859375
8 0.71875 0.59375 0.22532812500000002 0.42762500000000003
8 0.571546875 0.541125 0.136515625 0.27795312499999997
8 0.34785937499999997 0.5234375 0.20559375000000002 0.25575000000000003
8 0.14350000000000002 0.566203125 0.173515625 0.280421875