3 0.5421875 0.07890625 0.1203125 0.1203125
9 0.55625 0.06796875 0.340625 0.1359375
3 0.4375 0.35078125 0.1 0.1265625
3 0.5515625 0.2609375 0.125 0.134375
3 0.4875 0.0734375 0.484375 0.1 0.5015625 0.121875 0.515625 0.1296875 0.5375 0.13125 0.571875 0.1109375 0.5453125 0.09375 0.50625 0.0484375 0.496875 0.053125
10 0.28359375 0.49375 0.31875 0.35
10 0.6640625 0.41875 0.2796875 0.353125
9 0.31953125 0.640625 0.4265625 0.7078125
9 0.65390625 0.5765625 0.346875 0.7609375
3 0.4859375 0.2265625 0.4890625 0.2640625 0.5046875 0.3 0.515625 0.29375 0.5125 0.28125 0.5234375 0.2625 0.5515625 0.2328125 0.5703125 0.2265625 0.5796875 0.2296875 0.5625 0.2109375 0.540625 0.2 0.5109375 0.2015625
3 0.390625 0.3171875 0.3921875 0.3328125 0.40625 0.3203125 0.41875 0.31875 0.4765625 0.3671875 0.48125 0.365625 0.4890625 0.3390625 0.4890625 0.3109375 0.46875 0.2921875 0.434375 0.2875