3 0.48125 0.3015625 0.15625 0.2109375
9 0.5234375 0.51171875 0.2859375 0.6265625
9 0.70234375 0.5578125 0.5859375 0.56875
9 0.85234375 0.5640625 0.2953125 0.55625
6 0.5703125 0.3140625 0.5703125 0.3453125 0.5953125 0.353125 0.603125 0.3625 0.634375 0.3640625 0.6453125 0.3453125 0.659375 0.3375 0.671875 0.3453125 0.696875 0.4078125 0.7125 0.421875 0.725 0.4078125 0.75 0.396875 0.7703125 0.3609375 0.7421875 0.3484375 0.675 0.29375 0.653125 0.2828125 0.61875 0.290625 0.60625 0.2828125 0.5953125 0.2859375
6 0.9953125 0.290625 0.9265625 0.346875 0.8921875 0.3578125 0.909375 0.3828125 0.9140625 0.4015625 0.9359375 0.403125 0.946875 0.41875 0.9625 0.4140625 0.9984375 0.3453125
3 0.4 0.246875 0.4 0.2765625 0.415625 0.3109375 0.4140625 0.3484375 0.4234375 0.3515625 0.4671875 0.3328125 0.5375 0.25625 0.534375 0.23125 0.5 0.2015625 0.4796875 0.19375 0.45 0.1953125 0.43125 0.203125 0.4109375 0.2234375
6 0.4765625 0.321875 0.475 0.328125 0.4859375 0.33125 0.5078125 0.3125 0.540625 0.309375 0.5546875 0.2984375 0.5484375 0.2671875 0.5375 0.2515625 0.5171875 0.265625
8 0.6140625 0.5140625 0.6125 0.5375 0.5738636363636364 0.6321022727272728 0.4673295454545453 0.7599431818181819 0.5071022727272727 0.7968750000000001 0.659090909090909 0.637784090909091 0.678125 0.7125 0.665625 0.7359375 0.665625 0.7640625 0.6734375 0.803125 0.6796875 0.8078125 0.69375 0.8046875 0.71875 0.7625 0.7578125 0.78125 0.759375 0.7890625 0.7828125 0.7875 0.80625 0.753125 0.803125 0.746875 0.8203125 0.728125 0.8203125 0.471875 0.825 0.428125 0.7984375 0.41875 0.759375 0.41875 0.734375 0.45 0.734375 0.4609375 0.6984375 0.53125 0.6859375 0.5265625 0.6796875 0.509375 0.6734375 0.478125 0.6765625 0.465625 0.6703125 0.4515625 0.6578125 0.4515625 0.6265625 0.4765625
7 0.634234375 0.300421875 0.126421875 0.078125
7 0.968046875 0.33381249999999996 0.06392187499999999 0.085234375