3 0.815625 0.21796875 0.10625 0.1125
9 0.04375 0.39765625 0.0875 0.2421875
9 0.26953125 0.48828125 0.1609375 0.4984375
9 0.72890625 0.71953125 0.39375 0.559375
9 0.8390625 0.34765625 0.153125 0.359375
9 0.44609375 0.30234375 0.078125 0.134375
9 0.384375 0.41328125 0.1265625 0.228125
9 0.61875 0.340625 0.1703125 0.2484375
9 0.509375 0.30703125 0.0578125 0.153125
9 0.1484375 0.4765625 0.134375 0.3703125
9 0.46796875 0.46640625 0.2 0.2109375
9 0.140625 0.403125 0.125 0.225
9 0.4984375 0.46640625 0.140625 0.209375
9 0.0171875 0.02734375 0.034375 0.0546875
9 0.50390625 0.43046875 0.128125 0.1390625
6 0.559375 0.4796875 0.55625 0.4984375 0.5640625 0.5109375 0.5984375 0.5125 0.6171875 0.5 0.6421875 0.496875 0.6265625 0.4609375 0.584375 0.45625 0.5671875 0.465625
3 0.7765625 0.190625 0.765625 0.2296875 0.8390625 0.21875 0.859375 0.209375 0.853125 0.1828125 0.8375 0.1671875 0.7921875 0.16875