9 0.83125 0.5984375 0.821875 0.7171875 0.8296875 0.7484375 0.8296875 0.903125 0.8359375 0.9828125 0.84375 0.9984375 0.9796875 0.9984375 0.96875 0.9578125 0.9625 0.875 0.9703125 0.7890625 0.9875 0.7296875 0.9828125 0.678125 0.9875 0.665625 0.9984375 0.659375 0.9984375 0.403125 0.9828125 0.403125 0.9609375 0.3890625 0.965625 0.3234375 0.9484375 0.29375 0.93125 0.2859375 0.9 0.2921875 0.875 0.3203125 0.871875 0.3390625 0.8796875 0.4078125 0.8734375 0.453125 0.8625 0.4734375
3 0.9203125 0.35234375 0.1015625 0.13125
3 0.6375 0.38359375 0.05 0.0765625
3 0.31171875 0.390625 0.046875 0.06875
9 0.015625 0.36875 0.0140625 0.3953125 0.0234375 0.4125 0.0171875 0.434375 0 0.4515625 0 0.56875 0.0078125 0.6140625 0.015625 0.625 0.0125 0.6453125 0.01875 0.6484375 0.01875 0.6609375 0.034375 0.6734375 0.0390625 0.7296875 0.025 0.7640625 0.0171875 0.76875 0.025 0.778125 0.040625 0.7828125 0.0640625 0.778125 0.071875 0.79375 0.1171875 0.7859375 0.125 0.7828125 0.1015625 0.7578125 0.096875 0.7203125 0.096875 0.5734375 0.10625 0.559375 0.1015625 0.5578125 0.10625 0.5390625 0.0734375 0.5140625 0.0984375 0.4875 0.0734375 0.4182291666666667 0.075 0.3796875 0.0640625 0.3703125 0.0609375 0.353125 0.03125 0.3546875
3 0.04609375 0.396875 0.0703125 0.084375
3 0.2546875 0.3640625 0.0390625 0.0421875
9 0.1109375 0.4625 0.1078125 0.4859375 0.128125 0.5140625 0.1265625 0.565625 0.140625 0.7171875 0.146875 0.75 0.1609375 0.7578125 0.18125 0.7359375 0.2203125 0.7390625 0.228125 0.734375 0.215625 0.725 0.209375 0.65625 0.2171875 0.528125 0.2140625 0.4421875 0.190625 0.3990625 0.190625 0.3640625 0.184375 0.3515625 0.15625 0.353125 0.153125 0.3953125 0.1171875 0.4328125
1 0.17421875 0.38125 0.0453125 0.015625
9 0.30546875 0.55546875 0.1109375 0.3546875
9 0.16796875 0.55546875 0.1265625 0.40625
9 0.06640625 0.575 0.1328125 0.4421875
9 0.44375 0.57890625 0.15 0.415625
9 0.6328125 0.55234375 0.125 0.409375
9 0.9078125 0.6421875 0.184375 0.709375
9 0.76796875 0.59140625 0.1984375 0.49375
9 0.546875 0.5484375 0.0984375 0.3546875
9 0.2328125 0.5453125 0.078125 0.3234375
9 0.496875 0.53515625 0.0828125 0.35
9 0.25703125 0.3921875 0.053125 0.1
9 0.515625 0.5453125 0.08125 0.365625
3 0.015625 0.365625 0.0140625 0.396875 0.01875 0.4 0.0359375 0.390625 0.0671875 0.390625 0.0796875 0.35625 0.0375 0.353125 0.0203125 0.3578125
3 0.2921875 0.36875 0.2890625 0.390625 0.315625 0.3828125 0.3296875 0.3859375 0.31875 0.3625 0.303125 0.3609375
3 0.6203125 0.3578125 0.61875 0.3734375 0.6359375 0.3734375 0.6609375 0.3859375 0.6625 0.3671875 0.6453125 0.3453125 0.63125 0.3453125
3 0.86875 0.3265625 0.8671875 0.346875 0.871875 0.353125 0.9015625 0.353125 0.95625 0.3734375 0.9671875 0.3609375 0.9640625 0.3125 0.9421875 0.2875 0.915625 0.284375 0.896875 0.290625
3 0.728125 0.371875 0.73125 0.3984375 0.7640625 0.3875 0.759375 0.35625 0.74375 0.353125