9 0.57890625 0.66875 0.1953125 0.65625
9 0.3875 0.62890625 0.171875 0.4484375
9 0.203125 0.6453125 0.1546875 0.490625
9 0.809375 0.65 0.253125 0.603125
9 0.06015625 0.709375 0.1203125 0.58125
9 0.71875 0.59609375 0.1171875 0.5046875
6 0.778125 0.3671875 0.7734375 0.375 0.778125 0.4203125 0.7890625 0.428125 0.8203125 0.4234375 0.8390625 0.43125 0.8484375 0.3703125 0.821875 0.3546875 0.8015625 0.3546875
6 0.7125 0.3625 0.715625 0.396875 0.74375 0.3828125 0.765625 0.390625 0.7671875 0.3671875 0.759375 0.35 0.7359375 0.34375
6 0.51875 0.384375 0.5203125 0.4203125 0.540625 0.41875 0.5765625 0.3984375 0.590625 0.38125 0.5921875 0.3703125 0.58125 0.35 0.5375 0.346875 0.525 0.35625
6 0.35 0.4140625 0.3453125 0.4359375 0.3546875 0.4546875 0.3703125 0.44375 0.375 0.425 0.38125 0.421875 0.4 0.43125 0.3921875 0.4265625 0.4 0.4171875 0.3921875 0.4046875 0.3671875 0.403125
6 0.1734375 0.4109375 0.16875 0.4296875 0.178125 0.4484375 0.196875 0.440625 0.2125 0.4171875 0.228125 0.4203125 0.215625 0.403125 0.2046875 0.4 0.1828125 0.403125
6 0.0046875 0.415625 0 0.415625 0 0.4734375 0.0109375 0.4609375 0.028125 0.4578125 0.0359375 0.4484375 0.028125 0.4265625
8 0.194078125 0.5731875 0.121703125 0.22696875
8 0.377875 0.569078125 0.142265625 0.202296875
8 0.5645625 0.5390625 0.14556249999999998 0.23931249999999998
8 0.8215468749999999 0.58059375 0.22696875 0.279609375
8 0.04440625 0.6200625 0.069078125 0.238484375