3 0.22890625 0.6046875 0.059375 0.075
3 0.33125 0.6109375 0.05625 0.0671875
3 0.45625 0.596875 0.05 0.0703125
3 0.5296875 0.59921875 0.0484375 0.084375
3 0.6484375 0.5921875 0.05625 0.0734375
3 0.76171875 0.59375 0.0546875 0.0703125
3 0.01953125 0.65 0.03125 0.0515625
1 0.33359375 0.61796875 0.0484375 0.0265625
9 0.20234375 0.78203125 0.153125 0.4359375
9 0.4375 0.78203125 0.1140625 0.4328125
9 0.6703125 0.753125 0.1484375 0.3890625
9 0.53515625 0.778125 0.1375 0.425
9 0.325 0.77265625 0.1265625 0.3953125
9 0.79921875 0.77109375 0.1515625 0.4265625
9 0.03046875 0.81015625 0.05 0.3734375
9 0.03203125 0.728125 0.0453125 0.2046875