9 0.23125 0.71015625 0.325 0.5640625
8 0.480859375 0.330703125 0.1424375 0.123203125
3 0.48125 0.25625 0.0421875 0.0671875
3 0.63125 0.29453125 0.0921875 0.103125
3 0.453125 0.54921875 0.0796875 0.090625
3 0.3234375 0.51796875 0.0859375 0.08125
3 0.68359375 0.25625 0.0609375 0.0671875
3 0.34765625 0.46640625 0.0796875 0.0765625
3 0.68671875 0.06484375 0.0546875 0.065625
3 0.62265625 0.034375 0.1015625 0.06875
3 0.48125 0.0671875 0.0546875 0.06875
8 0.16875 0.59140625 0.2 0.25
9 0.7984375 0.43671875 0.134375 0.4546875
9 0.65546875 0.5109375 0.2640625 0.5359375
9 0.69921875 0.28046875 0.08125 0.1171875
9 0.328125 0.953125 0.2125 0.0921875
9 0.92109375 0.28671875 0.0859375 0.21875
9 0.18984375 0.4015625 0.1328125 0.20625
9 0.48125 0.4453125 0.165625 0.33125
9 0.353125 0.62578125 0.23125 0.303125
9 0.98515625 0.3 0.028125 0.234375
9 0.78828125 0.12421875 0.115625 0.2359375
8 0.185453125 0.42457812500000003 0.11521875 0.10609375000000001
8 0.35459375 0.6624218749999999 0.21790625000000002 0.202984375
8 0.678328125 0.459015625 0.20237500000000003 0.24440625
8 0.8091406250000001 0.372 0.121296875 0.198859375
8 0.92484375 0.25784375000000004 0.084328125 0.095546875