9 0.23203125 0.6265625 0.321875 0.74375
9 0.48203125 0.5203125 0.2640625 0.4234375
9 0.06015625 0.625 0.1203125 0.75
9 0.8796875 0.42890625 0.1875 0.3296875
9 0.775 0.68125 0.44375 0.6296875
9 0.496875 0.24375 0.3796875 0.4859375
9 0.95234375 0.6234375 0.0953125 0.7375
9 0.13984375 0.62109375 0.146875 0.6296875
9 0.93046875 0.625 0.1375 0.7421875
9 0.0984375 0.61875 0.196875 0.759375
9 0.88359375 0.49921875 0.19375 0.478125
9 0.890625 0.1421875 0.21875 0.2828125
9 0.72578125 0.346875 0.109375 0.0859375