9 0.7234375 0.634375 0.109375 0.325
9 0.22265625 0.62734375 0.125 0.375
9 0.3375 0.621875 0.1109375 0.365625
9 0.62890625 0.625 0.0984375 0.3359375
9 0.440625 0.628125 0.10625 0.346875
9 0.53125 0.62578125 0.1046875 0.34375
9 0.9734375 0.83046875 0.0515625 0.2421875
6 0.2046875 0.4453125 0.2046875 0.478125 0.209375 0.4671875 0.2296875 0.453125 0.24375 0.4671875 0.2453125 0.4546875 0.234375 0.4421875 0.2203125 0.4390625
6 0.328125 0.4421875 0.325 0.465625 0.334375 0.453125 0.3484375 0.4484375 0.3640625 0.4546875 0.3640625 0.4625 0.3671875 0.459375 0.3640625 0.44375 0.3546875 0.4375
6 0.428125 0.4671875 0.428125 0.4859375 0.4546875 0.4703125 0.465625 0.48125 0.45625 0.459375 0.440625 0.4578125
6 0.521875 0.4578125 0.5140625 0.465625 0.515625 0.4828125 0.534375 0.465625 0.5484375 0.475 0.5421875 0.459375
6 0.61875 0.465625 0.61875 0.4796875 0.6453125 0.471875 0.6546875 0.4765625 0.6546875 0.4671875 0.64375 0.4578125 0.63125 0.45625
6 0.703125 0.478125 0.7015625 0.49375 0.715625 0.4828125 0.7390625 0.49375 0.7296875 0.4734375 0.7125 0.471875
8 0.22409374999999998 0.5941562499999999 0.10773437500000001 0.19818750000000002
8 0.334703125 0.5888125 0.09539062499999999 0.207234375
8 0.44160937499999997 0.59375 0.09375 0.18256250000000002
8 0.5374218749999999 0.597453125 0.07648437500000001 0.19325
8 0.6311718749999999 0.5764843749999999 0.081421875 0.159546875
8 0.7245 0.5986875 0.08553125 0.159546875