3 0.459375 0.42109375 0.0484375 0.0640625
3 0.13125 0.50234375 0.05 0.059375
3 0.309375 0.45390625 0.040625 0.0515625
3 0.38515625 0.46796875 0.0328125 0.0421875
3 0.746875 0.38984375 0.0484375 0.0546875
3 0.69765625 0.40859375 0.040625 0.046875
3 0.26484375 0.45859375 0.0359375 0.0359375
3 0.1140625 0.46953125 0.04375 0.0515625
3 0.075 0.48359375 0.0390625 0.04375
3 0.33984375 0.47109375 0.0390625 0.0390625
9 0.46796875 0.546875 0.134375 0.296875
9 0.765625 0.51328125 0.0921875 0.2953125
9 0.1234375 0.6078125 0.1109375 0.259375
9 0.31484375 0.55234375 0.0765625 0.2328125
9 0.26015625 0.55390625 0.05625 0.2140625
9 0.390625 0.5421875 0.065625 0.178125
9 0.0859375 0.5671875 0.078125 0.2296875
9 0.7109375 0.5078125 0.0671875 0.228125
9 0.3546875 0.54765625 0.0703125 0.1859375