3 0.38515625 0.34765625 0.08125 0.0890625
3 0.57890625 0.40234375 0.078125 0.090625
3 0.70546875 0.41953125 0.075 0.08125
3 0.77265625 0.42421875 0.06875 0.0765625
3 0.46953125 0.37890625 0.059375 0.0734375
3 0.65703125 0.415625 0.06875 0.0828125
3 0.5171875 0.390625 0.046875 0.053125
3 0.61796875 0.4234375 0.05625 0.0625
3 0.28671875 0.3421875 0.046875 0.0546875
3 0.33359375 0.35390625 0.0578125 0.0625
3 0.4359375 0.37421875 0.040625 0.046875
9 0.34921875 0.515625 0.15625 0.415625
9 0.5296875 0.56171875 0.1640625 0.396875
9 0.2609375 0.44140625 0.1171875 0.246875
9 0.6703125 0.58984375 0.15625 0.4125
9 0.74609375 0.5765625 0.1546875 0.365625
9 0.45 0.5125 0.1125 0.325
9 0.61796875 0.43203125 0.034375 0.040625