3 0.40625 0.440625 0.0625 0.1
3 0.28828125 0.44609375 0.0765625 0.09375
3 0.71015625 0.4609375 0.04375 0.06875
3 0.59453125 0.4890625 0.0828125 0.10625
3 0.52734375 0.47109375 0.0625 0.0890625
3 0.86171875 0.48203125 0.0640625 0.1
9 0.26796875 0.59921875 0.159375 0.3953125
9 0.4171875 0.58671875 0.134375 0.390625
9 0.525 0.61484375 0.0890625 0.3703125
9 0.7125 0.59609375 0.0921875 0.3453125
9 0.59921875 0.71171875 0.159375 0.55625
9 0.87578125 0.7125 0.1453125 0.56875
9 0.5234375 0.70546875 0.096875 0.546875