3 0.26796875 0.390625 0.1046875 0.1234375
3 0.37890625 0.3703125 0.0875 0.1171875
3 0.62109375 0.29140625 0.10625 0.121875
3 0.1453125 0.50625 0.04375 0.0546875
3 0.06484375 0.5296875 0.0375 0.0390625
3 0.55390625 0.390625 0.046875 0.05
3 0.6765625 0.27578125 0.0828125 0.1
3 0.03359375 0.54453125 0.0375 0.034375
9 0.4875 0.5921875 0.2953125 0.5578125
9 0.7109375 0.5828125 0.328125 0.7171875
9 0.1625 0.6015625 0.0921875 0.246875
9 0.321875 0.66640625 0.2390625 0.6671875
9 0.58671875 0.48125 0.1046875 0.2359375
9 0.09921875 0.63125 0.090625 0.240625
9 0.04453125 0.628125 0.0875 0.20625