9 0.4625 0.55390625 0.178125 0.4234375
9 0.57734375 0.54921875 0.19375 0.5265625
9 0.6984375 0.43515625 0.096875 0.24375
9 0.32421875 0.5390625 0.11875 0.3625
9 0.85703125 0.590625 0.2078125 0.725
8 0.7765625 0.359375 0.775 0.3984375 0.7875 0.5078125 0.8015625 0.515625 0.8625 0.51875 0.8875 0.5140625 0.8953125 0.50625 0.9109375 0.515625 0.925 0.4890625 0.93125 0.4453125 0.90625 0.3609375 0.89375 0.340625 0.8515625 0.3171875 0.828125 0.3125 0.8015625 0.34375 0.7828125 0.34375
8 0.521875 0.3984375 0.5171875 0.4109375 0.5171875 0.428125 0.5203125 0.4421875 0.5203125 0.478125 0.5234375 0.5015625 0.5328125 0.5109375 0.5578125 0.509375 0.578125 0.496875 0.609375 0.490625 0.6234375 0.4953125 0.6265625 0.503125 0.634375 0.5015625 0.6390625 0.428125 0.60625 0.36875 0.584375 0.353125 0.5640625 0.35 0.5448019435368353 0.3384753493598416 0.5273483343617422 0.3758759404493269
8 0.3859375 0.440625 0.3875 0.4875 0.4109375 0.546875 0.4359375 0.5484375 0.5015625 0.5328125 0.509375 0.490625 0.4984375 0.4390625 0.4828125 0.4171875 0.4421875 0.4046875 0.434375 0.4234375 0.415625 0.4265625 0.4046875 0.4203125
8 0.271875 0.4390625 0.2734375 0.51875 0.28125 0.5359375 0.2886078945738612 0.5248549616224432 0.30855487648825336 0.5273483343617422 0.33972203572949106 0.50740135244735 0.35 0.5171875 0.3578125 0.546875 0.365625 0.546875 0.3703125 0.5171875 0.3625 0.4546875 0.34375 0.41875 0.3140625 0.40625 0.2984375 0.425 0.284375 0.4234375
6 0.484375 0.29375 0.4859375 0.315625 0.4968045183053292 0.3054381605641296 0.5086480388169996 0.2923479536828098 0.514881470665247 0.31416496515167613 0.51875 0.3234375 0.5484375 0.3171875 0.540625 0.2953125 0.5140625 0.2796875
6 0.7546875 0.2515625 0.7578125 0.2765625 0.7625 0.2765625 0.7679588037040973 0.25619404896297404 0.7978792765756856 0.24497387163612844 0.8059827379784072 0.2580640785174483 0.8125 0.275 0.834375 0.26875 0.8296875 0.240625 0.8046875 0.2296875 0.775 0.234375
6 0.2703125 0.365625 0.26875 0.3859375 0.3125 0.3859375 0.3125 0.3765625 0.3 0.3609375 0.284375 0.359375
6 0.3875 0.35625 0.3859375 0.371875 0.3921875 0.38125 0.39956298147266756 0.3665257926769555 0.4109375 0.3625 0.4257433952353072 0.36216239038318226 0.4359375 0.3703125 0.4328125 0.3515625 0.4265625 0.346875 0.4078125 0.34375