3 0.3015625 0.3375 0.08125 0.1078125
3 0.4140625 0.3453125 0.0640625 0.10625
3 0.66796875 0.3265625 0.0828125 0.10625
3 0.1546875 0.4203125 0.0328125 0.0484375
3 0.0703125 0.4234375 0.03125 0.0328125
3 0.57890625 0.40703125 0.0375 0.04375
3 0.72578125 0.325 0.0640625 0.0859375
3 0.03671875 0.43046875 0.0328125 0.028125
9 0.7234375 0.63203125 0.21875 0.73125
9 0.45 0.57109375 0.2 0.56875
9 0.5875 0.503125 0.0765625 0.2390625
9 0.15234375 0.51640625 0.0765625 0.2453125
9 0.07578125 0.53046875 0.0671875 0.2359375
9 0.02421875 0.52109375 0.0484375 0.1859375
9 0.2890625 0.63359375 0.190625 0.7078125