3 0.478125 0.4140625 0.0484375 0.065625
3 0.13984375 0.41953125 0.0515625 0.059375
3 0.32421875 0.4125 0.0421875 0.053125
3 0.3953125 0.44296875 0.0328125 0.0421875
3 0.765625 0.4484375 0.05 0.05625
3 0.71328125 0.45546875 0.040625 0.046875
3 0.2796875 0.40703125 0.0359375 0.0359375
3 0.13125 0.38359375 0.0453125 0.0515625
3 0.08984375 0.38828125 0.0390625 0.04375
3 0.35078125 0.4359375 0.0390625 0.040625
9 0.76328125 0.57421875 0.1 0.3
9 0.434375 0.540625 0.140625 0.303125
9 0.7046875 0.55546875 0.065625 0.2390625
9 0.1125 0.51953125 0.10625 0.2671875
9 0.2609375 0.49765625 0.06875 0.2109375
9 0.3375 0.515625 0.0734375 0.196875
9 0.39375 0.5140625 0.0484375 0.1765625
9 0.30546875 0.5046875 0.06875 0.221875
9 0.35078125 0.51484375 0.05 0.1890625
9 0.2921875 0.5046875 0.078125 0.2234375