3 0.37265625 0.525 0.059375 0.0625
3 0.2765625 0.40625 0.0359375 0.0453125
3 0.28515625 0.48515625 0.0484375 0.053125
3 0.53671875 0.51484375 0.06875 0.0671875
3 0.6515625 0.4859375 0.053125 0.0453125
3 0.51015625 0.465625 0.0421875 0.0421875
3 0.7953125 0.53203125 0.0625 0.065625
3 0.68203125 0.54609375 0.0625 0.0625
3 0.2265625 0.47265625 0.0390625 0.0390625
3 0.22109375 0.4203125 0.0375 0.040625
3 0.1640625 0.42109375 0.0390625 0.0421875
3 0.1296875 0.453125 0.0359375 0.0421875
3 0.08984375 0.4265625 0.0421875 0.03125
3 0.06640625 0.44921875 0.040625 0.034375
3 0.878125 0.503125 0.065625 0.0609375