3 0.92734375 0.25234375 0.1078125 0.1609375
3 0.0421875 0.28671875 0.084375 0.1609375
3 0.28671875 0.325 0.1125 0.1421875
3 0.6375 0.2625 0.11875 0.159375
3 0.7515625 0.29765625 0.103125 0.11875
3 0.4140625 0.31015625 0.0828125 0.0625
3 0.22890625 0.35 0.075 0.1109375
3 0.334375 0.34296875 0.059375 0.071875
9 0.30859375 0.58828125 0.265625 0.6421875
9 0.43828125 0.5265625 0.1546875 0.4859375
9 0.9140625 0.559375 0.171875 0.7703125
9 0.6625 0.59375 0.2859375 0.7890625
9 0.7921875 0.51171875 0.1625 0.521875
9 0.21640625 0.45625 0.09375 0.3140625
9 0.21796875 0.5578125 0.0984375 0.528125
9 0.77265625 0.4234375 0.121875 0.3453125