3 0.2140625 0.5515625 0.0671875 0.08125
3 0.31328125 0.5765625 0.0640625 0.0734375
3 0.4390625 0.58671875 0.0578125 0.075
3 0.5109375 0.603125 0.0578125 0.0890625
3 0.628125 0.61953125 0.0640625 0.078125
3 0.7390625 0.6421875 0.0625 0.075
3 0.009375 0.55546875 0.01875 0.0546875
9 0.15546875 0.73203125 0.1859375 0.4453125
9 0.39453125 0.771875 0.134375 0.4375
9 0.48046875 0.78125 0.1828125 0.434375
9 0.27578125 0.7578125 0.1578125 0.425
9 0.6296875 0.77265625 0.14375 0.378125
9 0.7546875 0.7953125 0.1328125 0.384375
9 0.0125 0.62421875 0.025 0.1921875
9 0.5984375 0.94765625 0.1140625 0.1046875
9 0.7546875 0.72109375 0.13125 0.234375