3 0.37578125 0.5734375 0.046875 0.059375
3 0.56796875 0.49375 0.0453125 0.0546875
3 0.66953125 0.42578125 0.0421875 0.05
3 0.7359375 0.36328125 0.0359375 0.0453125
3 0.78046875 0.2875 0.028125 0.04375
3 0.8 0.13359375 0.0390625 0.0421875
3 0.7703125 0.05234375 0.034375 0.0421875
10 0.3703125 0.63984375 0.1296875 0.1515625
10 0.55390625 0.54296875 0.10625 0.103125
10 0.6359375 0.4671875 0.109375 0.115625
9 0.36796875 0.6375 0.134375 0.1875
9 0.54765625 0.56484375 0.1109375 0.2015625
9 0.69453125 0.41484375 0.215625 0.3015625
9 0.47890625 0.9796875 0.034375 0.0390625