3 0.74921875 0.34453125 0.109375 0.1140625
3 0.43515625 0.38046875 0.1296875 0.134375
3 0.06953125 0.3515625 0.1390625 0.2046875
3 0.18515625 0.35703125 0.0546875 0.0796875
3 0.153125 0.3375 0.046875 0.09375
3 0.003125 0.08125 0.003125 0.209375 0.04375 0.209375 0.1109375 0.1859375 0.1296875 0.1578125 0.165625 0.121875 0.16875 0.1015625 0.1546875 0.09375 0.1515625 0.0640625 0.0625 0.0703125
3 0.07109375 0.10546875 0.1421875 0.2109375
3 0.1890625 0.084375 0.0578125 0.075
3 0.16171875 0.10546875 0.040625 0.096875
3 0.7546875 0.10078125 0.125 0.134375
3 0.43125 0.07578125 0.1265625 0.1515625
9 0.4328125 0.65078125 0.328125 0.6984375
9 0.24453125 0.6453125 0.1921875 0.671875
9 0.72265625 0.6390625 0.284375 0.71875
9 0.06796875 0.6078125 0.1359375 0.7828125
9 0.12109375 0.5359375 0.128125 0.4546875
8 0.42257812499999997 0.723015625 0.23721874999999998 0.53125
8 0.24289062499999997 0.644890625 0.10795312500000001 0.539765625
8 0.72940625 0.6015625 0.245734375 0.39914062499999997
3 0.015625 0.225 0 0.2265625 0 0.359375 0.053125 0.36875 0.153125 0.375 0.140625 0.29375 0.11875 0.2578125 0.0671875 0.2328125
3 0.7046875 0.1 0.7015625 0.115625 0.7109375 0.134375 0.7234375 0.146875 0.75 0.1578125 0.7875 0.1515625 0.8015625 0.128125 0.8046875 0.090625 0.7953125 0.0796875 0.7859375 0.0875 0.7890625 0.0984375 0.775 0.1046875 0.7234375 0.10625
3 0.7046875 0.315625 0.7015625 0.3390625 0.790625 0.3578125 0.803125 0.3515625 0.8015625 0.309375 0.7859375 0.2859375 0.7625 0.2796875 0.7375 0.284375 0.715625 0.296875
6 0.259375 0.3453125 0.2578125 0.3734375 0.275 0.38125 0.2875 0.371875 0.328125 0.3625 0.3359375 0.3421875 0.3234375 0.321875 0.28125 0.3109375 0.2671875 0.3203125