3 0.18203125 0.37890625 0.109375 0.1359375
3 0.32734375 0.38515625 0.1171875 0.1453125
3 0.50703125 0.278125 0.1078125 0.134375
3 0.46875 0.36953125 0.10625 0.1296875
3 0.6296875 0.31796875 0.1109375 0.134375
3 0.75625 0.22578125 0.1265625 0.1484375
3 0.6953125 0.01953125 0.125 0.0390625
3 0.446875 0.05546875 0.1125 0.1109375
3 0.11875 0.1359375 0.1078125 0.1140625
10 0.22109375 0.578125 0.2390625 0.3109375
10 0.3609375 0.5765625 0.2359375 0.309375
10 0.8375 0.42109375 0.26875 0.3484375
9 0.85234375 0.5546875 0.2765625 0.7890625
9 0.8296875 0.428125 0.2359375 0.5328125
9 0.53828125 0.3296875 0.1484375 0.21875
9 0.66640625 0.4546875 0.2046875 0.409375
9 0.51875 0.49140625 0.20625 0.35625
9 0.3296875 0.46953125 0.196875 0.2953125
9 0.20234375 0.46796875 0.165625 0.2953125