9 0.578125 0.5625 0.28125 0.4453125
9 0.88203125 0.546875 0.13125 0.44375
9 0.459375 0.55 0.15625 0.3359375
9 0.740625 0.565625 0.128125 0.3984375
9 0.04375 0.47734375 0.0546875 0.1578125
9 0.946875 0.615625 0.10625 0.6203125
9 0.165625 0.459375 0.0390625 0.128125
9 0.25546875 0.42578125 0.0515625 0.075
9 0.3046875 0.53828125 0.1625 0.3515625
9 0.45859375 0.478125 0.15625 0.1890625
9 0.30625 0.4828125 0.1609375 0.240625
9 0.196875 0.47265625 0.0375 0.140625
6 0.5328125 0.353125 0.5234375 0.3640625 0.5265625 0.378125 0.5515625 0.3875 0.56875 0.3875 0.578125 0.38125 0.6 0.390625 0.60625 0.3859375 0.596875 0.353125 0.590625 0.3484375 0.5671875 0.3453125
6 0.840625 0.340625 0.840625 0.359375 0.8921875 0.3625 0.890625 0.346875 0.878125 0.33125 0.859375 0.328125
6 0.93125 0.3234375 0.93125 0.3453125 0.9703125 0.346875 0.9859375 0.359375 0.9984375 0.359375 0.9984375 0.3203125 0.990625 0.3109375 0.9546875 0.30625
6 0.7109375 0.3796875 0.7078125 0.39375 0.715625 0.4015625 0.759375 0.3953125 0.7609375 0.3765625 0.7453125 0.365625
6 0.278125 0.3796875 0.2859375 0.4140625 0.3046875 0.4 0.325 0.4 0.3296875 0.4078125 0.3375 0.403125 0.3375 0.3765625 0.315625 0.359375