3 0.4453125 0.13671875 0.0515625 0.0609375
3 0.378125 0.20546875 0.04375 0.05
3 0.11796875 0.21875 0.059375 0.0671875
3 0.184375 0.221875 0.04375 0.05
3 0.33515625 0.390625 0.053125 0.05
3 0.68046875 0.16171875 0.03125 0.025
3 0.359375 0.21640625 0.0296875 0.03125
3 0.61171875 0.19921875 0.0234375 0.0265625
9 0.153125 0.35703125 0.1375 0.33125
9 0.6171875 0.2578125 0.0546875 0.134375
9 0.696875 0.23515625 0.0671875 0.159375
9 0.484375 0.27265625 0.1515625 0.3203125
9 0.28125 0.321875 0.140625 0.3296875
9 0.39296875 0.30859375 0.1046875 0.246875
9 0.5578125 0.27890625 0.040625 0.1015625
9 0.2 0.34921875 0.0796875 0.296875
9 0.51875 0.29609375 0.075 0.2609375