9 0.86015625 0.61171875 0.2796875 0.7359375
9 0.48203125 0.66328125 0.278125 0.6734375
9 0.73125 0.6421875 0.240625 0.671875
9 0.16484375 0.68515625 0.3078125 0.6296875
9 0.35078125 0.5625 0.0765625 0.29375
9 0.565625 0.57578125 0.1484375 0.38125
9 0.05 0.73046875 0.1 0.5328125
9 0.309375 0.5890625 0.125 0.246875
5 0.764203125 0.32742187500000003 0.0681875 0.026984374999999998
6 0.7265625 0.278125 0.7234375 0.3 0.728125 0.3078125 0.7625 0.278125 0.7765625 0.28125 0.784375 0.3 0.7953125 0.3078125 0.8265625 0.296875 0.834375 0.309375 0.825 0.271875 0.796875 0.2453125 0.7578125 0.2484375
6 0.6375 0.340625 0.6375 0.3703125 0.646875 0.3609375 0.65 0.340625 0.671875 0.3296875 0.6796875 0.3296875 0.690625 0.3453125 0.7125 0.35 0.70625 0.3234375 0.6859375 0.3078125 0.653125 0.315625
5 0.41618750000000004 0.39132812499999997 0.0568125 0.024140625
6 0.3765625 0.3453125 0.371875 0.3640625 0.378125 0.38125 0.3875 0.3609375 0.4140625 0.353125 0.4375 0.3796875 0.45 0.3765625 0.4515625 0.3484375 0.425 0.325 0.3953125 0.33125
6 0.075 0.4046875 0.0734375 0.4359375 0.0796875 0.4625 0.0875 0.475 0.0984375 0.478125 0.1140625 0.46875 0.1171875 0.45625 0.13125 0.45 0.15 0.45625 0.159375 0.4203125 0.18125 0.403125 0.15625 0.3765625 0.115625 0.371875 0.0859375 0.3828125
8 0.0234375 0.5546875 0.021875 0.590625 0.015625 0.5953125 0.0234375 0.63125 0.0578125 0.640625 0.06875 0.6625 0.0625 0.6734375 0.0625 0.6984375 0.075 0.7328125 0.071875 0.7859375 0.0796875 0.8140625 0.125 0.8203125 0.19375 0.8125 0.2078125 0.79375 0.203125 0.784375 0.203125 0.71796875 0.225 0.7171875 0.2359375 0.7640625 0.2578125 0.7703125 0.2578125 0.7296875 0.225 0.6515625 0.2234375 0.5921875 0.23125 0.575 0.21875 0.578125 0.2171875 0.590625 0.196875 0.5953125 0.159375 0.575 0.1625 0.5578125 0.140625 0.53125 0.1375 0.515625 0.121875 0.5 0.1078125 0.496875 0.1015625 0.48125 0.0796875 0.484375 0.0359375 0.5203125
8 0.1515625 0.490625 0.146875 0.5046875 0.171875 0.5421875 0.171875 0.5609375 0.1984375 0.559375 0.225 0.546875 0.234375 0.55625 0.2359375 0.56875 0.25 0.571875 0.2515625 0.58125 0.2703125 0.5640625 0.2640625 0.559375 0.265625 0.54375 0.25 0.53125 0.2296875 0.5 0.2140625 0.5 0.2078125 0.4890625
8 0.359375 0.4796875 0.359375 0.5390625 0.353125 0.5421875 0.35 0.559375 0.36875 0.6859375 0.4 0.6859375 0.421875 0.6984375 0.465625 0.7 0.528125 0.6859375 0.5421875 0.675 0.584375 0.6703125 0.5890625 0.6421875 0.5828125 0.5359375 0.5640625 0.5125 0.5609375 0.48125 0.553125 0.465625 0.53125 0.4390625 0.4890625 0.4140625 0.4609375 0.4078125 0.4375 0.4453125 0.4296875 0.4734375 0.41875 0.471875 0.4125 0.4484375 0.4015625 0.434375 0.375 0.453125
8 0.628125 0.4484375 0.6375 0.5515625 0.6484375 0.5796875 0.6515625 0.6171875 0.665625 0.6296875 0.69375 0.6390625 0.7921875 0.6390625 0.7890625 0.55625 0.8 0.540625 0.8 0.4671875 0.796875 0.41875 0.7875 0.403125 0.7359375 0.3796875 0.6390625 0.4265625
8 0.8125 0.3671875 0.7984375 0.3953125 0.8046875 0.5390625 0.8171875 0.59375 0.8484375 0.6703125 0.8578125 0.6796875 0.8796875 0.68125 0.9578125 0.665625 0.990625 0.653125 0.9984375 0.63125 0.9984375 0.496875 0.975 0.4796875 0.9734375 0.4625 0.95625 0.440625 0.940625 0.39375 0.9265625 0.371875 0.9015625 0.35 0.846875 0.321875 0.8375 0.3234375
5 0.173296875 0.44743750000000004 0.039765625 0.03125
7 0.774140625 0.26775000000000004 0.09375 0.038359375
7 0.673296875 0.3203125 0.06534375 0.035515625
7 0.40554687500000003 0.34304687500000003 0.0838125 0.038359375
7 0.1328125 0.39914062499999997 0.12357812500000001 0.051140624999999995