9 0.89140625 0.51484375 0.1765625 0.3625
9 0.35 0.6640625 0.1625 0.6546875
9 0.12109375 0.646875 0.18125 0.6703125
9 0.759375 0.52265625 0.1234375 0.2921875
9 0.03359375 0.53359375 0.0671875 0.4046875
9 0.234375 0.51796875 0.0828125 0.3453125
9 0.46875 0.5546875 0.109375 0.4609375
9 0.57109375 0.6375 0.1734375 0.6765625
9 0.9625 0.51796875 0.0734375 0.346875
9 0.8328125 0.42578125 0.0828125 0.1703125
9 0.8328125 0.49921875 0.0859375 0.3140625
9 0.51484375 0.37890625 0.0296875 0.05
9 0.64609375 0.49453125 0.1109375 0.328125
9 0.65 0.44921875 0.1046875 0.2515625