3 0.24921875 0.41171875 0.171875 0.196875
3 0.77109375 0.39921875 0.259375 0.25
3 0.36328125 0.459375 0.0640625 0.10625
10 0.68125 0.7859375 0.128125 0.4234375
9 0.81640625 0.6328125 0.3671875 0.7265625
9 0.27578125 0.65625 0.3921875 0.6859375
9 0.4734375 0.65 0.2921875 0.5953125
9 0.67734375 0.7078125 0.1421875 0.559375
9 0.33125 0.52890625 0.125 0.2484375
9 0.959375 0.53515625 0.0796875 0.1890625
3 0.6421875 0.3890625 0.6390625 0.4015625 0.65 0.4140625 0.6859375 0.428125 0.69375 0.3859375 0.7203125 0.3578125 0.775 0.3515625 0.840625 0.35625 0.871875 0.375 0.8796875 0.3875 0.8875 0.384375 0.8875 0.371875 0.8625 0.3125 0.84375 0.290625 0.8046875 0.2734375 0.759375 0.2734375 0.740625 0.278125 0.7046875 0.3015625 0.684375 0.3375 0.6828125 0.35625
3 0.1734375 0.353125 0.171875 0.38125 0.1625 0.4078125 0.1734375 0.4203125 0.1828125 0.41875 0.1859375 0.40625 0.1953125 0.4015625 0.2671875 0.3859375 0.3015625 0.3984375 0.3015625 0.4046875 0.3125 0.4109375 0.3515625 0.403125 0.34375 0.3921875 0.3203125 0.3796875 0.303125 0.3390625 0.271875 0.3203125 0.221875 0.3171875 0.196875 0.328125
6 0.41875 0.384375 0.41875 0.421875 0.4328125 0.4109375 0.45 0.409375 0.475 0.4171875 0.496875 0.4328125 0.50625 0.41875 0.503125 0.36875 0.4859375 0.3578125 0.4328125 0.36875
6 0.640625 0.440625 0.634375 0.446875 0.6375 0.4734375 0.6875 0.4625 0.69375 0.45 0.6890625 0.434375 0.6671875 0.4296875
4 0.225140625 0.43537499999999996 0.038359375 0.055390625000000006
4 0.7713125 0.3984375 0.03409375 0.0724375
4 0.507109375 0.443890625 0.0255625 0.066765625