3 0.09765625 0.35390625 0.125 0.1328125
3 0.21015625 0.38828125 0.078125 0.090625
3 0.475 0.371875 0.0921875 0.1140625
3 0.5953125 0.403125 0.0734375 0.08125
3 0.76953125 0.41796875 0.0859375 0.103125
3 0.95625 0.40546875 0.065625 0.08125
3 0.37890625 0.43203125 0.034375 0.0375
3 0.28203125 0.4359375 0.03125 0.0296875
3 0.39765625 0.4296875 0.0234375 0.0265625
9 0.08671875 0.63203125 0.1734375 0.6953125
9 0.7640625 0.68203125 0.1609375 0.61875
9 0.93203125 0.59921875 0.1359375 0.4625
9 0.60078125 0.59140625 0.121875 0.4515625
9 0.5 0.65625 0.190625 0.6875
9 0.30234375 0.5109375 0.08125 0.18125
9 0.38046875 0.515625 0.0703125 0.2125
9 0.20859375 0.65703125 0.14375 0.6203125
9 0.39140625 0.58515625 0.1140625 0.3578125