3 0.3515625 0.3796875 0.0640625 0.0765625
3 0.553125 0.3859375 0.0625 0.078125
3 0.6796875 0.371875 0.0609375 0.06875
3 0.74609375 0.3609375 0.0546875 0.065625
3 0.44140625 0.38984375 0.0453125 0.0640625
3 0.63203125 0.38046875 0.053125 0.071875
3 0.490625 0.38984375 0.0375 0.0453125
3 0.59609375 0.396875 0.0453125 0.053125
3 0.2546875 0.3984375 0.0359375 0.046875
3 0.303125 0.3984375 0.046875 0.053125
3 0.4078125 0.39375 0.03125 0.040625
9 0.346875 0.55234375 0.134375 0.428125
9 0.53671875 0.5515625 0.13125 0.415625
9 0.68046875 0.54765625 0.134375 0.4234375
9 0.24453125 0.50078125 0.096875 0.2578125
9 0.76796875 0.5140625 0.1046875 0.3734375
9 0.446875 0.5171875 0.090625 0.31875
9 0.30078125 0.50390625 0.053125 0.2640625
9 0.61484375 0.51953125 0.0625 0.3203125