3 0.46796875 0.4171875 0.0421875 0.0609375
3 0.1328125 0.4640625 0.0453125 0.0546875
3 0.31484375 0.434375 0.0359375 0.0484375
3 0.3890625 0.45625 0.0296875 0.0390625
3 0.75703125 0.41640625 0.04375 0.0515625
3 0.70625 0.4296875 0.0359375 0.04375
3 0.2703125 0.434375 0.03125 0.0328125
3 0.11953125 0.4296875 0.040625 0.046875
3 0.07890625 0.4390625 0.034375 0.040625
3 0.34375 0.4546875 0.0359375 0.0359375
9 0.7640625 0.540625 0.09375 0.3
9 0.4515625 0.5421875 0.1328125 0.2984375
9 0.25859375 0.52265625 0.05625 0.20625
9 0.11328125 0.56796875 0.1 0.2609375
9 0.30546875 0.5328125 0.0671875 0.2328125
9 0.70859375 0.5296875 0.0578125 0.240625
9 0.39140625 0.5296875 0.059375 0.178125
9 0.3453125 0.5359375 0.05 0.1921875
9 0.0890625 0.5234375 0.0890625 0.2265625
9 0.0671875 0.5359375 0.0484375 0.209375