3 0.56796875 0.25625 0.1890625 0.1609375
3 0.86796875 0.31953125 0.2640625 0.315625
3 0.57421875 0.06953125 0.1828125 0.1390625
3 0.74375 0 0.746875 0.0515625 0.7625 0.096875 0.8 0.1234375 0.8390625 0.1375 0.896875 0.1390625 0.925 0.1265625 0.959375 0.096875 0.9921875 0.0421875 0.9734375 0.0234375 0.925 0
3 0.8578125 0.06875 0.284375 0.1375
9 0.33828125 0.43359375 0.6765625 0.7734375
9 0.70078125 0.54609375 0.5984375 0.7875
9 0.7828125 0.55546875 0.434375 0.83125
9 0.365625 0.7140625 0.2484375 0.5703125
9 0.028125 0.9734375 0.05625 0.0515625
3 0.74375 0.2609375 0.74375 0.3015625 0.73125 0.35 0.740625 0.35625 0.7625 0.35625 0.8390625 0.3234375 0.884375 0.315625 0.965625 0.28125 0.9921875 0.2640625 0.9953125 0.25625 0.9578125 0.196875 0.9234375 0.165625 0.8890625 0.1578125 0.846875 0.1578125 0.8109375 0.1671875 0.7625 0.196875
3 0.5296875 0.2 0.5359375 0.2609375 0.54375 0.278125 0.571875 0.3171875 0.5875 0.328125 0.5984375 0.3265625 0.6203125 0.2953125 0.640625 0.2796875 0.65625 0.253125 0.6609375 0.2203125 0.65625 0.2 0.640625 0.1765625 0.609375 0.1671875 0.578125 0.16875 0.546875 0.1828125
3 0.5328125 0.0578125 0.53125 0.0984375 0.540625 0.1109375 0.5734375 0.1265625 0.634375 0.125 0.6609375 0.0890625 0.65625 0.040625 0.6234375 0 0.5578125 0