3 0.54296875 0.4234375 0.0609375 0.0796875
3 0.63828125 0.43359375 0.0421875 0.0609375
3 0.6828125 0.43515625 0.0625 0.075
3 0.1578125 0.43203125 0.04375 0.0640625
3 0.1953125 0.4453125 0.059375 0.0765625
3 0.365625 0.42890625 0.05 0.0703125
3 0.48984375 0.46015625 0.0484375 0.0546875
9 0.365625 0.5875 0.1234375 0.384375
9 0.68125 0.63125 0.1453125 0.4640625
9 0.18984375 0.61171875 0.125 0.4109375
9 0.546875 0.59453125 0.128125 0.4203125
9 0.89921875 0.51484375 0.0375 0.1125
9 0.4828125 0.60078125 0.0765625 0.34375
9 0.1328125 0.59609375 0.0859375 0.3984375
9 0.72578125 0.9421875 0.053125 0.115625