9 0.3890625 0.59453125 0.0859375 0.1796875
3 0.3796875 0.54921875 0.05625 0.059375
9 0.146875 0.5609375 0.0890625 0.125
9 0.16171875 0.4953125 0.0734375 0.0875
9 0.21328125 0.4796875 0.0625 0.1046875
9 0.27890625 0.47265625 0.05625 0.1125
3 0.26328125 0.45078125 0.0328125 0.04375
9 0.23203125 0.58125 0.06875 0.1359375
9 0.2890625 0.5921875 0.0859375 0.1625
3 0.28671875 0.5265625 0.046875 0.05
9 0.51796875 0.60078125 0.1109375 0.209375
9 0.49921875 0.475 0.146875 0.096875
3 0.5390625 0.5078125 0.065625 0.0640625
9 0.66484375 0.58828125 0.1015625 0.18125
9 0.6375 0.4625 0.125 0.103125
3 0.64609375 0.4578125 0.0515625 0.04375
3 0.50390625 0.46484375 0.040625 0.040625
9 0.7953125 0.540625 0.1453125 0.2
3 0.79609375 0.47578125 0.0609375 0.0625
3 0.6875 0.51015625 0.059375 0.059375
3 0.22578125 0.52578125 0.0359375 0.0359375
3 0.2109375 0.475 0.0359375 0.0390625
3 0.15546875 0.48671875 0.0375 0.0390625
9 0.0734375 0.5546875 0.084375 0.096875
3 0.12734375 0.52421875 0.034375 0.040625
3 0.08359375 0.50625 0.040625 0.0296875
3 0.06484375 0.5328125 0.0390625 0.0328125
9 0.88984375 0.4390625 0.140625 0.1625
3 0.871875 0.43125 0.0640625 0.059375