3 0.3109375 0.3359375 0.0859375 0.1140625
3 0.4359375 0.31484375 0.0890625 0.10625
3 0.5484375 0.3171875 0.0921875 0.1171875
3 0.83515625 0.32109375 0.0859375 0.084375
3 0.928125 0.3328125 0.0828125 0.1078125
3 0.68515625 0.33984375 0.06875 0.1078125
9 0.5453125 0.6265625 0.2453125 0.7453125
9 0.28515625 0.640625 0.1953125 0.71875
9 0.91796875 0.63828125 0.1640625 0.7234375
9 0.41171875 0.546875 0.15 0.565625
9 0.82109375 0.52109375 0.146875 0.490625
9 0.6984375 0.56171875 0.1328125 0.55
8 0.1953125 0.4625 0.1953125 0.471875 0.2171875 0.4828125 0.2265625 0.4953125 0.2203125 0.521875 0.225 0.54375 0.2796875 0.5546875 0.3328125 0.5515625 0.340625 0.5015625 0.3734375 0.4859375 0.353125 0.4109375 0.3296875 0.396875 0.315625 0.4171875 0.3046875 0.4171875 0.2703125 0.3765625 0.221875 0.4015625
8 0.3625 0.3796875 0.353125 0.4078125 0.375 0.478125 0.3796875 0.54375 0.3921875 0.5640625 0.4171875 0.56875 0.4296875 0.54375 0.4390625 0.49375 0.428125 0.4734375 0.4625 0.403125 0.4625 0.3875 0.4546875 0.3796875 0.44375 0.384375 0.4234375 0.3765625 0.4125 0.35625 0.3859375 0.3640625
8 0.440625 0.4515625 0.4296875 0.48125 0.465625 0.503125 0.4734375 0.5140625 0.4703125 0.5328125 0.4765625 0.5390625 0.5171875 0.5546875 0.60625 0.5484375 0.61875 0.540625 0.6203125 0.5265625 0.665625 0.5125 0.6453125 0.4109375 0.6359375 0.3890625 0.609375 0.3625 0.5875 0.3578125 0.5765625 0.3796875 0.55 0.3953125 0.540625 0.39375 0.5265625 0.371875 0.5125 0.3640625 0.4859375 0.3734375 0.465625 0.4
8 0.640625 0.3859375 0.6671875 0.503125 0.6546875 0.54375 0.653125 0.590625 0.6609375 0.5953125 0.71875 0.59375 0.725 0.578125 0.721875 0.5453125 0.7328125 0.4765625 0.759375 0.4609375 0.75 0.4140625 0.7359375 0.396875 0.7046875 0.3765625 0.6859375 0.40625 0.671875 0.3984375 0.6625 0.371875
8 0.7578125 0.3953125 0.7546875 0.4296875 0.7640625 0.465625 0.7671875 0.5234375 0.790625 0.5359375 0.84375 0.5328125 0.8609375 0.428125 0.8875 0.3921875 0.8859375 0.3859375 0.853125 0.3640625 0.8453125 0.378125 0.8203125 0.396875 0.8046875 0.365625 0.7921875 0.3640625 0.7671875 0.371875
8 0.859375 0.4703125 0.85625 0.5015625 0.865625 0.5078125 0.8640625 0.5609375 0.9578125 0.5703125 0.9640625 0.565625 0.9703125 0.5375 0.9984375 0.51875 0.9984375 0.40625 0.95625 0.3765625 0.91875 0.4109375 0.90625 0.4109375 0.896875 0.4015625 0.8734375 0.4078125 0.8640625 0.4296875