3 0.64140625 0.43359375 0.04375 0.0578125
3 0.13046875 0.4453125 0.05625 0.0765625
9 0.12578125 0.59453125 0.11875 0.3875
9 0.76796875 0.54921875 0.0890625 0.2515625
9 0.46484375 0.60859375 0.1265625 0.4265625
9 0.03828125 0.59453125 0.0765625 0.3328125
9 0.82890625 0.53203125 0.0765625 0.240625
9 0.2640625 0.6125 0.1453125 0.440625
9 0.5171875 0.59765625 0.10625 0.403125
9 0.65078125 0.559375 0.0875 0.2984375
9 0.590625 0.5515625 0.0734375 0.26875
9 0.17109375 0.97265625 0.0359375 0.0546875
9 0.309375 0.5625 0.0578125 0.328125