3 0.50546875 0.425 0.13125 0.1328125
3 0.878125 0.2921875 0.0796875 0.109375
3 0.57109375 0.25390625 0.0703125 0.0828125
3 0.97421875 0.27734375 0.0515625 0.078125
3 0.21953125 0.38828125 0.05625 0.071875
3 0.55859375 0.3375 0.059375 0.05625
3 0.71796875 0.2890625 0.04375 0.04375
3 0.71796875 0.04375 0.028125 0.0453125
3 0.57265625 0.08203125 0.0828125 0.065625
3 0.96953125 0.053125 0.0609375 0.0796875
3 0.875 0.04921875 0.0703125 0.0984375
3 0.81953125 0.04609375 0.0734375 0.0765625
3 0.8125 0.28671875 0.0671875 0.075
3 0.4421875 0.475 0.071875 0.1125
9 0.76875 0.4453125 0.153125 0.3953125
9 0.9546875 0.4875 0.090625 0.4984375
9 0.59140625 0.3046875 0.115625 0.184375
9 0.4796875 0.534375 0.1890625 0.3578125
9 0.88203125 0.48125 0.16875 0.4828125
9 0.60234375 0.5515625 0.19375 0.346875
9 0.68671875 0.0578125 0.30625 0.115625