3 0.690625 0.3296875 0.115625 0.1421875
3 0.8 0.384375 0.1 0.128125
3 0.12890625 0.26875 0.11875 0.1171875
3 0.9015625 0.42890625 0.075 0.1078125
3 0.4453125 0.21171875 0.15 0.153125
3 0.965625 0.48515625 0.06875 0.0796875
3 0.44921875 0.10546875 0.165625 0.121875
9 0.671875 0.534375 0.2078125 0.54375
9 0.4265625 0.54765625 0.315625 0.8953125
9 0.209375 0.55078125 0.2796875 0.6546875
9 0.828125 0.58671875 0.178125 0.525
9 0.9578125 0.62109375 0.084375 0.3171875
9 0.89375 0.6046875 0.1109375 0.440625