3 0.55390625 0.13671875 0.0453125 0.05625
3 0.46953125 0.1828125 0.0375 0.0453125
3 0.2171875 0.11953125 0.0515625 0.0625
3 0.27890625 0.14140625 0.0375 0.0453125
3 0.37421875 0.346875 0.046875 0.04375
3 0.77109375 0.22890625 0.028125 0.0203125
3 0.03515625 0.10390625 0.0203125 0.0546875
3 0.4484375 0.1875 0.0265625 0.028125
3 0.69453125 0.2453125 0.0203125 0.0234375
9 0.55234375 0.27578125 0.1125 0.3265625
9 0.20859375 0.26171875 0.11875 0.340625
9 0.33828125 0.2671875 0.1265625 0.3265625
9 0.765625 0.30078125 0.05625 0.165625
9 0.45703125 0.28515625 0.096875 0.2515625
9 0.684375 0.303125 0.053125 0.1375
9 0.27890625 0.26171875 0.0640625 0.2875
9 0.6234375 0.30234375 0.0296875 0.1