3 0.82421875 0.4328125 0.0546875 0.0609375
3 0.60625 0.42421875 0.04375 0.0609375
3 0.4078125 0.38671875 0.0515625 0.0609375
3 0.2828125 0.39140625 0.06875 0.0734375
3 0.496875 0.41796875 0.040625 0.053125
3 0.10625 0.40859375 0.0375 0.0578125
3 0.890625 0.43984375 0.0421875 0.046875
9 0.265625 0.58125 0.1484375 0.45625
9 0.5015625 0.546875 0.1109375 0.315625
9 0.6078125 0.55234375 0.10625 0.321875
9 0.40859375 0.55 0.125 0.3921875
9 0.1140625 0.5328125 0.10625 0.29375
9 0.82890625 0.5765625 0.1078125 0.3546875
9 0.8890625 0.54375 0.06875 0.2515625