3 0.884375 0.275 0.1234375 0.146875
3 0.6125 0.359375 0.0640625 0.084375
3 0.29453125 0.42890625 0.0578125 0.0765625
3 0.03828125 0.48515625 0.0765625 0.0953125
3 0.23359375 0.41328125 0.0453125 0.0484375
9 0.6390625 0.53046875 0.140625 0.403125
9 0.44921875 0.59453125 0.1640625 0.4109375
9 0.32421875 0.59140625 0.1484375 0.3515625
9 0.09140625 0.66484375 0.1828125 0.43125
9 0.77109375 0.52265625 0.1734375 0.4609375
9 0.175 0.621875 0.1390625 0.409375
9 0.56171875 0.53203125 0.1171875 0.334375
9 0.23515625 0.5921875 0.1125 0.328125
9 0.9109375 0.478125 0.1765625 0.546875
9 0.2390625 0.44609375 0.05 0.103125