3 0.3171875 0.25078125 0.1828125 0.21875
3 0.6140625 0.3234375 0.1546875 0.1984375
3 0.7875 0.3921875 0.13125 0.1796875
10 0.2546875 0.46171875 0.3359375 0.3546875
9 0.26171875 0.42890625 0.2953125 0.5609375
9 0.38671875 0.60234375 0.4484375 0.4796875
9 0.80078125 0.5859375 0.30625 0.5453125
9 0.61484375 0.53125 0.21875 0.5859375
5 0.454546875 0.48224999999999996 0.11364062500000001 0.0525625
5 0.31534375 0.254265625 0.0880625 0.03409375
5 0.6036875 0.33878125 0.0880625 0.026984374999999998
5 0.781953125 0.40270312500000005 0.0724375 0.029828125