3 0.17265625 0.47734375 0.1 0.125
3 0.4046875 0.3859375 0.0828125 0.1046875
3 0.6578125 0.30703125 0.1 0.1171875
3 0.82421875 0.28515625 0.09375 0.1125
3 0.590625 0.37734375 0.06875 0.0875
3 0.5171875 0.4484375 0.0390625 0.040625
9 0.44296875 0.59375 0.2234375 0.51875
9 0.18828125 0.7078125 0.2375 0.5765625
9 0.8578125 0.53828125 0.16875 0.60625
9 0.69296875 0.61171875 0.21875 0.715625
9 0.578125 0.52734375 0.109375 0.375
9 0.596875 0.5359375 0.09375 0.3609375
9 0.5484375 0.5671875 0.09375 0.2765625
9 0.86953125 0.5859375 0.203125 0.7203125