3 0.59453125 0.37578125 0.0625 0.065625
3 0.42890625 0.34609375 0.06875 0.08125
3 0.16953125 0.28984375 0.090625 0.0984375
3 0.2703125 0.34140625 0.075 0.0703125
3 0.9265625 0.49140625 0.0359375 0.0484375
9 0.578125 0.53828125 0.11875 0.3890625
9 0.23203125 0.51953125 0.13125 0.4296875
9 0.91875 0.5859375 0.0765625 0.2234375
9 0.7046875 0.5578125 0.0828125 0.20625
9 0.11640625 0.5328125 0.20625 0.5703125
9 0.815625 0.57109375 0.08125 0.1875
9 0.4109375 0.5203125 0.1703125 0.4234375
9 0.63671875 0.54921875 0.065625 0.2046875
9 0.3078125 0.5140625 0.0453125 0.175