3 0.19296875 0.47265625 0.1421875 0.1578125
3 0.38828125 0.48046875 0.115625 0.13125
3 0.534375 0.4140625 0.1296875 0.14375
3 0.66796875 0.38203125 0.0953125 0.13125
3 0.74765625 0.3640625 0.13125 0.1484375
9 0.6015625 0.6578125 0.2875 0.675
9 0.8078125 0.62734375 0.3 0.659375
3 0.14375 0.43125 0.1375 0.44375 0.140625 0.490625 0.15625 0.5078125 0.221875 0.4984375 0.246875 0.475 0.246875 0.459375 0.215625 0.41875 0.2015625 0.4109375 0.16875 0.4125
3 0.3375 0.440625 0.3375 0.4828125 0.35625 0.5015625 0.3984375 0.48125 0.4234375 0.459375 0.4125 0.440625 0.384375 0.4203125 0.3546875 0.4234375
3 0.4796875 0.35 0.48125 0.40625 0.490625 0.4234375 0.5234375 0.4359375 0.5515625 0.4375 0.571875 0.4296875 0.59375 0.4078125 0.5953125 0.39375 0.5765625 0.33125 0.56875 0.321875 0.5328125 0.3203125 0.490625 0.3390625
3 0.69375 0.3359375 0.6953125 0.378125 0.7015625 0.3875 0.7609375 0.3875 0.7765625 0.3796875 0.7921875 0.359375 0.78125 0.3265625 0.7515625 0.303125 0.7109375 0.309375