3 0.66171875 0.30234375 0.096875 0.128125
3 0.778125 0.3390625 0.084375 0.1171875
3 0.09765625 0.3296875 0.1046875 0.1015625
3 0.88515625 0.3671875 0.059375 0.1
3 0.40078125 0.22421875 0.13125 0.1359375
3 0.95859375 0.41328125 0.0609375 0.071875
3 0.38828125 0.11796875 0.1515625 0.1
9 0.68515625 0.5015625 0.2578125 0.5453125
9 0.81796875 0.534375 0.1796875 0.5046875
9 0.4484375 0.54453125 0.3703125 0.9109375
9 0.221875 0.64140625 0.359375 0.7171875
9 0.95859375 0.5703125 0.0828125 0.359375
9 0.9125 0.55 0.15625 0.44375