3 0.21875 0.453125 0.0421875 0.053125
3 0.71640625 0.45703125 0.028125 0.034375
3 0.790625 0.453125 0.028125 0.0421875
3 0.31875 0.45546875 0.0390625 0.0453125
3 0.5953125 0.44375 0.03125 0.0390625
9 0.203125 0.5515625 0.0890625 0.246875
9 0.76640625 0.621875 0.090625 0.284375
9 0.41171875 0.5921875 0.1109375 0.3125
9 0.64921875 0.5765625 0.09375 0.2578125
9 0.27890625 0.64921875 0.103125 0.4
9 0.55078125 0.5890625 0.1125 0.2859375
9 0.71015625 0.55234375 0.0609375 0.225
9 0.33203125 0.55234375 0.0765625 0.2328125
9 0.87734375 0.49375 0.046875 0.0828125
9 0.60078125 0.525 0.046875 0.2
9 0.79609375 0.49921875 0.0515625 0.1265625
9 0.8921875 0.49296875 0.0765625 0.0828125
9 0.9546875 0.48828125 0.040625 0.0578125
9 0.5171875 0.5421875 0.05625 0.2140625
9 0.4875 0.53828125 0.0421875 0.1921875