3 0.20390625 0.5484375 0.0546875 0.059375
3 0.115625 0.5078125 0.059375 0.065625
3 0.3046875 0.58203125 0.04375 0.0453125
3 0.35234375 0.59921875 0.03125 0.0359375
3 0.1578125 0.53984375 0.025 0.028125
3 0.446875 0.58515625 0.034375 0.04375
3 0.546875 0.6125 0.0375 0.0375
3 0.61640625 0.4203125 0.04375 0.040625
3 0.25 0.59921875 0.0375 0.0328125
10 0.3046875 0.66015625 0.078125 0.1140625
9 0.1953125 0.66015625 0.1140625 0.2828125
9 0.103125 0.63125 0.1203125 0.303125
9 0.30078125 0.6859375 0.08125 0.246875
9 0.35625 0.66015625 0.046875 0.1515625