3 0.3703125 0.40859375 0.0546875 0.075
3 0.63515625 0.39140625 0.0578125 0.078125
3 0.87578125 0.375 0.053125 0.071875
3 0.47890625 0.39765625 0.04375 0.05
3 0.534375 0.4046875 0.025 0.0328125
3 0.58671875 0.38984375 0.0203125 0.03125
3 0.3421875 0.4046875 0.0203125 0.0453125
9 0.38828125 0.571875 0.1515625 0.4109375
9 0.64140625 0.57734375 0.15 0.4546875
9 0.8578125 0.53828125 0.171875 0.4109375
9 0.47578125 0.515625 0.084375 0.2953125
9 0.5359375 0.45625 0.0453125 0.140625
9 0.76015625 0.41328125 0.015625 0.0453125
9 0.584375 0.42890625 0.046875 0.1109375
9 0.9484375 0.4390625 0.0296875 0.0875
9 0.98359375 0.453125 0.03125 0.0953125