3 0.4640625 0.2578125 0.046875 0.06875
3 0.61640625 0.2859375 0.0984375 0.109375
3 0.45703125 0.55234375 0.0859375 0.0953125
3 0.325 0.53046875 0.090625 0.0859375
3 0.66640625 0.24375 0.0640625 0.0703125
3 0.3453125 0.47734375 0.084375 0.08125
3 0.65625 0.053125 0.0578125 0.06875
3 0.5890625 0.03203125 0.10625 0.0640625
3 0.45078125 0.06953125 0.0578125 0.071875
10 0.17578125 0.6140625 0.215625 0.2640625
9 0.7875 0.41953125 0.146875 0.453125
9 0.65859375 0.50234375 0.25625 0.5265625
9 0.6828125 0.26875 0.090625 0.115625
9 0.3765625 0.6203125 0.246875 0.3265625
9 0.9078125 0.259375 0.075 0.2171875
9 0.4453125 0.3171875 0.1046875 0.184375
9 0.17734375 0.61640625 0.1828125 0.590625
9 0.21328125 0.61640625 0.25625 0.5609375
9 0.19375 0.4265625 0.1390625 0.209375
9 0.60625 0.41171875 0.115625 0.353125
9 0.50546875 0.45078125 0.1296875 0.325