9 0.59921875 0.60078125 0.2328125 0.7171875
9 0.15703125 0.53515625 0.225 0.6109375
9 0.87265625 0.61015625 0.2078125 0.68125
9 0.3359375 0.6 0.234375 0.7453125
9 0.7546875 0.53046875 0.159375 0.5875
9 0.4734375 0.5421875 0.146875 0.546875
9 0.2828125 0.3078125 0.0484375 0.0875
9 0.2515625 0.53828125 0.084375 0.5234375
9 0.2296875 0.33515625 0.046875 0.0671875
7 0.34375 0.25 0.085234375 0.048296875
6 0.34445312499999997 0.25568749999999996 0.09517187499999999 0.05965625
7 0.149140625 0.25284375 0.05965625 0.03125
6 0.152703125 0.254265625 0.078125 0.051140624999999995
7 0.59871875 0.26349999999999996 0.07528125 0.0411875
6 0.595875 0.26846875 0.089484375 0.048296875
7 0.747875 0.261359375 0.061078125000000004 0.03125
6 0.7443125 0.261359375 0.0681875 0.0369375
7 0.894171875 0.29900000000000004 0.098015625 0.04971875
6 0.89346875 0.29971875 0.10795312500000001 0.0568125