3 0.3265625 0.26484375 0.065625 0.08125
3 0.790625 0.2484375 0.0734375 0.0875
3 0.3234375 0.04296875 0.0890625 0.0859375
3 0.79296875 0.059375 0.0921875 0.0953125
3 0.54921875 0.20546875 0.090625 0.0671875
3 0.55234375 0.103125 0.0921875 0.075
1 0.1828125 0.39296875 0.0328125 0.0359375
1 0.0453125 0.50703125 0.03125 0.0515625
1 0.05078125 0.43984375 0.0359375 0.046875
10 0.41171875 0.403125 0.03125 0.0546875
9 0.81484375 0.43671875 0.2421875 0.4703125
9 0.3421875 0.36796875 0.190625 0.2921875
9 0.19140625 0.4703125 0.0640625 0.18125
9 0.546875 0.41953125 0.228125 0.465625
9 0.0609375 0.53984375 0.0546875 0.234375
9 0.41328125 0.39453125 0.0390625 0.1