3 0.17421875 0.4453125 0.121875 0.1296875
3 0.30390625 0.46875 0.1046875 0.090625
3 0.4515625 0.4453125 0.0796875 0.0875
3 0.56875 0.459375 0.0484375 0.0640625
3 0.70703125 0.44609375 0.053125 0.065625
3 0.51484375 0.47890625 0.0421875 0.0515625
3 0.784375 0.45625 0.0484375 0.05625
3 0.365625 0.48515625 0.0421875 0.0609375
3 0.0703125 0.49375 0.025 0.0296875
9 0.79765625 0.57578125 0.0828125 0.29375
9 0.19296875 0.6890625 0.2171875 0.61875
9 0.57734375 0.59296875 0.1203125 0.321875
9 0.325 0.70625 0.153125 0.5828125
9 0.7125 0.5921875 0.1265625 0.35625
9 0.453125 0.68828125 0.1703125 0.5734375
9 0.071875 0.55234375 0.0453125 0.1453125
9 0.32421875 0.621875 0.1515625 0.4078125