9 0.18359375 0.41640625 0.034375 0.134375
9 0.2265625 0.38828125 0.065625 0.16875
9 0.40859375 0.45703125 0.1875 0.265625
3 0.47421875 0.36796875 0.0796875 0.0828125
3 0.61171875 0.43046875 0.0625 0.065625
3 0.5421875 0.35234375 0.03125 0.0375
3 0.2484375 0.37890625 0.0328125 0.0375
3 0.2984375 0.3265625 0.0265625 0.0296875
3 0.2421875 0.03984375 0.034375 0.0359375
3 0.296875 0.03046875 0.0296875 0.0296875
3 0.23984375 0.31796875 0.034375 0.0328125
9 0.25546875 0.37734375 0.0328125 0.1265625
9 0.25390625 0.39609375 0.03125 0.0796875