3 0.265625 0.2984375 0.1484375 0.1953125
3 0.571875 0.30234375 0.1234375 0.178125
3 0.75546875 0.33046875 0.103125 0.1640625
10 0.25234375 0.51796875 0.284375 0.3078125
9 0.44296875 0.59609375 0.45 0.453125
9 0.25 0.49765625 0.2765625 0.6
9 0.8140625 0.534375 0.303125 0.5640625
9 0.6203125 0.49140625 0.2296875 0.546875
6 0.453125 0.431328125 0.146375 0.112671875
8 0.451484375 0.787828125 0.42434374999999996 0.42434374999999996
5 0.26603125 0.29934375 0.078125 0.041125
5 0.5699062500000001 0.3174375 0.077296875 0.02303125
5 0.76275 0.344578125 0.0830625 0.029609375
5 0.45353125 0.49465624999999996 0.112671875 0.046875