3 0.76953125 0.46015625 0.0484375 0.0515625
3 0.1765625 0.42890625 0.06875 0.071875
3 0.26875 0.4390625 0.0421875 0.05
3 0.4046875 0.465625 0.0328125 0.0375
3 0.5171875 0.44921875 0.0375 0.046875
3 0.56953125 0.4671875 0.03125 0.03125
3 0.65546875 0.4671875 0.0375 0.040625
3 0.87890625 0.47734375 0.040625 0.0390625
3 0.85390625 0.4765625 0.0265625 0.0359375
3 0.98203125 0.44765625 0.0359375 0.034375
3 0.7234375 0.48125 0.0328125 0.0359375
9 0.20078125 0.61484375 0.15625 0.4375
9 0.3984375 0.56796875 0.0859375 0.2421875
9 0.75546875 0.6078125 0.1078125 0.3453125
9 0.25703125 0.5578125 0.0890625 0.2921875
9 0.96796875 0.56328125 0.0640625 0.2734375
9 0.64140625 0.56171875 0.0875 0.228125
9 0.52890625 0.5765625 0.1109375 0.315625
9 0.7140625 0.56015625 0.053125 0.1921875
9 0.7484375 0.94296875 0.0921875 0.1140625
9 0.87109375 0.57421875 0.090625 0.234375
9 0.5671875 0.553125 0.0515625 0.209375