3 0.2453125 0.47734375 0.2953125 0.3328125
3 0.5109375 0.49609375 0.1609375 0.1734375
3 0.79140625 0.49375 0.125 0.1375
9 0.2734375 0.7109375 0.4015625 0.5734375
9 0.84375 0.69453125 0.25625 0.521875
9 0.6078125 0.7078125 0.3515625 0.58125
8 0.4359375 0.6 0.4328125 0.6265625 0.4765625 0.7765625 0.4703125 0.8125 0.4875 0.85625 0.4953125 0.9046875 0.490625 0.94375 0.5171875 0.9984375 0.54375 0.9984375 0.7046875 0.9703125 0.7078125 0.9625 0.6765625 0.878125 0.66875 0.83125 0.671875 0.73125 0.665625 0.684375 0.6671875 0.675 0.6953125 0.6609375 0.684375 0.621875 0.7 0.59375 0.5953125 0.5578125 0.5640625 0.5609375 0.5453125 0.5828125 0.5375 0.5828125 0.4875 0.553125
8 0.7234375 0.575 0.721875 0.5859375 0.8015625 0.609375 0.85625 0.596875 0.878125 0.5984375 0.8765625 0.5703125 0.85625 0.55 0.828125 0.5515625 0.7921875 0.565625 0.78125 0.565625 0.7796875 0.5546875 0.7671875 0.5515625 0.7546875 0.5625 0.73125 0.5640625
3 0.746875 0.478125 0.746875 0.4921875 0.76875 0.5046875 0.8015625 0.5109375 0.8375 0.5109375 0.84375 0.50625 0.83125 0.4578125 0.8078125 0.4359375 0.7703125 0.4375
3 0.4390625 0.4453125 0.440625 0.4890625 0.45625 0.5171875 0.5765625 0.4625 0.5609375 0.453125 0.5484375 0.434375 0.5046875 0.4140625 0.48125 0.41875
3 0.1078125 0.40625 0.10625 0.4328125 0.1234375 0.4796875 0.1265625 0.51875 0.159375 0.503125 0.2140625 0.459375 0.315625 0.428125 0.35625 0.428125 0.3671875 0.415625 0.3390625 0.396875 0.3015625 0.346875 0.2296875 0.328125 0.1421875 0.353125
8 0.078125 0.8203125 0.0796875 0.93125 0.0984375 0.9984375 0.459375 0.9953125 0.4703125 0.9109375 0.4609375 0.8515625 0.4125 0.7546875 0.375 0.6984375 0.36875 0.646875 0.321875 0.615625 0.3140625 0.6171875 0.3140625 0.6265625 0.3015625 0.640625 0.246875 0.6125 0.1859375 0.590625 0.1703125 0.634375 0.11875 0.7015625
8 0.7265625 0.65625 0.728125 0.6828125 0.74375 0.70625 0.765625 0.790625 0.765625 0.8109375 0.778125 0.834375 0.7734375 0.8640625 0.7828125 0.9265625 0.796875 0.9546875 0.915625 0.9390625 0.928125 0.9296875 0.9234375 0.9140625 0.9296875 0.903125 0.91875 0.796875 0.9046875 0.7359375 0.896875 0.71875 0.8875 0.7171875 0.88125 0.7078125 0.8796875 0.653125 0.853125 0.65 0.81640625 0.678125 0.796875 0.6765625 0.7796875 0.65625