3 0.57421875 0.3625 0.059375 0.0625
3 0.40546875 0.359375 0.0640625 0.078125
3 0.140625 0.34453125 0.0859375 0.09375
3 0.24765625 0.3796875 0.071875 0.0671875
3 0.9203125 0.425 0.034375 0.046875
9 0.4109375 0.5359375 0.1671875 0.4234375
9 0.82421875 0.51953125 0.071875 0.1875
9 0.578125 0.52421875 0.1234375 0.390625
9 0.7109375 0.5265625 0.08125 0.20625
9 0.9234375 0.51875 0.0765625 0.2203125
9 0.24609375 0.56171875 0.11875 0.434375
9 0.64609375 0.52734375 0.0484375 0.2046875
9 0.13359375 0.59453125 0.1828125 0.56875
9 0.3078125 0.54453125 0.0375 0.175
9 0.0546875 0.5984375 0.1078125 0.5171875