3 0.81015625 0.246875 0.125 0.1359375
3 0.51796875 0.375 0.0765625 0.090625
3 0.678125 0.33125 0.0796875 0.096875
3 0.3 0.4109375 0.071875 0.0828125
3 0.178125 0.446875 0.090625 0.1015625
3 0.2359375 0.43671875 0.059375 0.075
1 0.52265625 0.37578125 0.046875 0.040625
1 0.42265625 0.41015625 0.05 0.0296875
9 0.5671875 0.5453125 0.19375 0.43125
9 0.33984375 0.578125 0.1796875 0.4125
9 0.4703125 0.55234375 0.16875 0.34375
9 0.20859375 0.64765625 0.20625 0.490625
9 0.86875 0.55234375 0.2515625 0.7171875
9 0.709375 0.5 0.1484375 0.415625
9 0.64453125 0.465625 0.1015625 0.315625