3 0.565625 0.45234375 0.0734375 0.096875
3 0.409375 0.3609375 0.053125 0.065625
3 0.37734375 0.3234375 0.0390625 0.046875
3 0.30234375 0.4296875 0.0359375 0.040625
3 0.2765625 0.409375 0.0265625 0.0328125
3 0.17578125 0.3234375 0.0234375 0.0234375
3 0.26171875 0.3203125 0.0203125 0.01875
3 0.04296875 0.34375 0.021875 0.021875
3 0.81328125 0.30390625 0.025 0.0234375
3 0.69921875 0.31875 0.0203125 0.021875
3 0.6 0.36875 0.015625 0.0171875
3 0.9890625 0.365625 0.0203125 0.021875
3 0.821875 0.01640625 0.0609375 0.0296875
9 0.4234375 0.4734375 0.121875 0.29375
9 0.61953125 0.609375 0.18125 0.4140625
9 0.81640625 0.3453125 0.0421875 0.109375
9 0.18125 0.36796875 0.040625 0.115625
9 0.25625 0.3625 0.0296875 0.0953125
9 0.6875 0.34453125 0.0265625 0.0609375