9 0.21640625 0.6375 0.18125 0.7203125
9 0.82734375 0.64765625 0.1734375 0.6984375
9 0.5203125 0.55 0.109375 0.403125
9 0.1078125 0.59296875 0.215625 0.8125
9 0.62421875 0.55078125 0.1375 0.45625
9 0.4359375 0.67421875 0.153125 0.6515625
9 0.728125 0.64921875 0.190625 0.690625
9 0.359375 0.45078125 0.05 0.1328125
9 0.975 0.7921875 0.05 0.3484375
6 0.1734375 0.3 0.171875 0.328125 0.18125 0.3453125 0.19375 0.3421875 0.2109375 0.321875 0.228125 0.3265625 0.24375 0.30625 0.2546875 0.303125 0.2515625 0.2921875 0.2296875 0.278125 0.190625 0.28125
6 0.0171875 0.2234375 0 0.240625 0 0.3484375 0.040625 0.3515625 0.0609375 0.359375 0.078125 0.353125 0.1 0.33125 0.1234375 0.31875 0.1359375 0.3234375 0.1375 0.3375 0.1546875 0.3265625 0.15625 0.2703125 0.134375 0.2390625 0.096875 0.2203125
7 0.07670312500000001 0.1505625 0.142046875 0.0880625
6 0.05625 0.084375 0.034375 0.096875 0 0.1015625 0 0.1984375 0.01875 0.21875 0.103125 0.21875 0.1328125 0.2015625 0.1515625 0.18125 0.1578125 0.109375 0.14375 0.1109375 0.1265625 0.1234375 0.0765625 0.0875
7 0.217328125 0.144890625 0.09090625 0.051140624999999995
6 0.1734375 0.109375 0.175 0.14375 0.190625 0.159375 0.2296875 0.1625 0.2546875 0.14375 0.2515625 0.096875 0.2453125 0.10625 0.2171875 0.1171875 0.2 0.1109375 0.1859375 0.096875
7 0.421875 0.077421875 0.053984374999999994 0.032671875
6 0.390625 0.0671875 0.3921875 0.0890625 0.428125 0.0921875 0.44375 0.0828125 0.4515625 0.059375 0.4328125 0.05625 0.4125 0.078125 0.4 0.0734375 0.396875 0.0640625
7 0.511359375 0.07954687499999999 0.0568125 0.03125
6 0.4828125 0.065625 0.4859375 0.084375 0.503125 0.09375 0.5296875 0.0859375 0.5359375 0.075 0.5296875 0.0546875 0.5 0.0671875
7 0.858671875 0.11079687499999999 0.109375 0.07670312500000001
6 0.8125 0.0921875 0.809375 0.1265625 0.8390625 0.1375 0.8875 0.1328125 0.9078125 0.1046875 0.9046875 0.075 0.8828125 0.0390625 0.8640625 0.0453125 0.8515625 0.0828125 0.825 0.075
6 0.8078125 0.31875 0.8109375 0.353125 0.825 0.375 0.8546875 0.3859375 0.8609375 0.4 0.884375 0.403125 0.90625 0.359375 0.9078125 0.3390625 0.8984375 0.3171875 0.88125 0.3046875 0.853125 0.3 0.8265625 0.3046875
7 0.735078125 0.32528125 0.078125 0.051140624999999995
6 0.703125 0.3171875 0.7046875 0.328125 0.7234375 0.3359375 0.734375 0.3515625 0.75625 0.346875 0.7625 0.36875 0.7796875 0.3609375 0.7765625 0.325 0.7578125 0.303125 0.73125 0.303125
7 0.737921875 0.11860937499999999 0.08096875 0.06392187499999999
6 0.7015625 0.0828125 0.70625 0.1265625 0.75 0.1375 0.771875 0.125 0.775 0.0828125 0.765625 0.0734375 0.759375 0.0828125 0.7296875 0.090625 0.715625 0.0796875
7 0.5099375 0.360796875 0.048296875 0.045453125
6 0.4875 0.3546875 0.4859375 0.378125 0.5 0.371875 0.53125 0.3921875 0.534375 0.3625 0.528125 0.3546875 0.509375 0.3484375
7 0.42257812499999997 0.36931250000000004 0.066765625 0.03125
6 0.3921875 0.35625 0.3921875 0.378125 0.4 0.365625 0.4140625 0.3625 0.4296875 0.384375 0.4515625 0.3796875 0.45 0.3671875 0.434375 0.3515625 0.4109375 0.35
7 0.612921875 0.34445312499999997 0.061078125000000004 0.035515625
6 0.5828125 0.34375 0.5828125 0.3609375 0.6359375 0.3640625 0.6390625 0.359375 0.6375 0.3390625 0.6234375 0.325 0.6015625 0.3265625
7 0.61221875 0.1036875 0.0681875 0.048296875
6 0.5828125 0.0703125 0.58125 0.090625 0.590625 0.1078125 0.609375 0.115625 0.6234375 0.115625 0.634375 0.1078125 0.6390625 0.0921875 0.6359375 0.0734375 0.6296875 0.0703125 0.6171875 0.0765625
7 0.855109375 0.33381249999999996 0.09659375 0.0681875
7 0.852265625 0.32742187500000003 0.09090625 0.066765625
7 0.077421875 0.27273437500000003 0.1463125 0.09659375
7 0.21164062499999997 0.298296875 0.082390625 0.045453125