3 0.778125 0.2859375 0.084375 0.115625
3 0.13515625 0.31171875 0.0890625 0.1109375
9 0.40078125 0.5375 0.171875 0.5078125
9 0.78515625 0.5109375 0.1875 0.565625
9 0.57890625 0.5296875 0.203125 0.5421875
9 0.14609375 0.56015625 0.2140625 0.5875
9 0.93125 0.4453125 0.1265625 0.340625
9 0.228125 0.42421875 0.0421875 0.1578125
2 0.5421875 0.278125 0.5453125 0.3078125 0.5609375 0.296875 0.56875 0.2828125 0.584375 0.2765625 0.6 0.28125 0.6 0.2734375 0.58125 0.259375 0.56875 0.259375
6 0.36875 0.3046875 0.36875 0.3515625 0.41875 0.296875 0.4 0.284375 0.38125 0.290625
3 0.1015625 0.2828125 0.096875 0.309375 0.103125 0.3171875 0.14375 0.3015625 0.1640625 0.3109375 0.16875 0.30625 0.15625 0.2765625 0.11875 0.2703125
3 0.7453125 0.24375 0.7359375 0.259375 0.74375 0.284375 0.7890625 0.26875 0.80625 0.2703125 0.8109375 0.2625 0.80625 0.2421875 0.7859375 0.228125 0.75625 0.2328125
8 0.399265625 0.45599999999999996 0.13568750000000002 0.19818750000000002
8 0.13321875 0.478203125 0.185859375 0.2606875
8 0.5797656250000001 0.446546875 0.16940625 0.22696875
8 0.778375 0.428453125 0.17681249999999998 0.203953125