2 0.2234375 0.39140625 0.1421875 0.1546875
2 0.0359375 0.346875 0.071875 0.1609375
2 0.4875 0.378125 0.1234375 0.1609375
2 0.84296875 0.33671875 0.109375 0.178125
9 0.83046875 0.62421875 0.24375 0.75
9 0.22890625 0.5421875 0.321875 0.4625
9 0.04609375 0.478125 0.0921875 0.4453125
9 0.490625 0.465625 0.2015625 0.3390625
7 0.22087500000000002 0.34375 0.10653125000000001 0.051140624999999995
7 0.037640625 0.29474999999999996 0.07528125 0.061078125000000004
7 0.48507812499999997 0.339484375 0.1036875 0.082390625
7 0.850859375 0.28976562499999997 0.09375 0.071015625