9 0.221875 0.5546875 0.44375 0.85625
9 0.7546875 0.51328125 0.475 0.9671875
6 0.6796875 0.159375 0.678125 0.19375 0.696875 0.240625 0.715625 0.2546875 0.740625 0.340625 0.7296875 0.3890625 0.73125 0.48125 0.759375 0.4984375 0.759375 0.5125 0.7765625 0.5328125 0.825 0.55625 0.853125 0.5578125 0.8765625 0.54375 0.8921875 0.54375 0.896875 0.5265625 0.89375 0.4921875 0.909375 0.475 0.915625 0.4578125 0.9234375 0.3015625 0.9140625 0.2234375 0.9015625 0.1984375 0.9015625 0.16875 0.884375 0.1390625 0.871875 0.08125 0.8625 0.084375 0.85 0.071875 0.8375 0.0734375 0.8171875 0.05625 0.74375 0.059375 0.740625 0.0703125 0.71875 0.0734375 0.7109375 0.0828125
6 0.2125 0.23125 0.20028409090909075 0.2698863636363636 0.19460227272727257 0.2897727272727272 0.18181818181818174 0.32244318181818177 0.15909090909090912 0.4644886363636364 0.15340909090909088 0.49715909090909083 0.17329545454545459 0.5284090909090908 0.18465909090909075 0.6789772727272726 0.23579545454545442 0.409090909090909 0.2073863636363634 0.346590909090909 0.22443181818181807 0.2826704545454545 0.2765625 0.3046875 0.3 0.3171875 0.3484375 0.3265625 0.365625 0.346875 0.3734375 0.221875 0.3609375 0.16875 0.34375 0.1453125 0.30625 0.13125 0.28125 0.1296875 0.28125 0.1375 0.2484375 0.1734375 0.240625 0.1734375 0.23125 0.184375
8 0.025 0.78125 0.0234375 0.9109375 0.0328125 0.9390625 0.0453125 0.9390625 0.0546875 0.953125 0.2984375 0.9796875 0.3109375 0.9796875 0.3171875 0.9703125 0.3390625 0.984375 0.4046875 0.9890625 0.4140625 0.896875 0.415625 0.7203125 0.4140625 0.5984375 0.403125 0.5625 0.3921875 0.5484375 0.3765625 0.54375 0.3765625 0.6 0.325 0.60625 0.309375 0.5640625 0.29375 0.559375 0.2890625 0.5359375 0.2828125 0.534375 0.2625 0.5875 0.2640625 0.5984375 0.25 0.625 0.225 0.625 0.2140625 0.61875 0.1953125 0.684375 0.16875 0.68203125 0.1640625 0.534375 0.1578125 0.5296875 0.1390625 0.5359375 0.10625 0.621875 0.0921875 0.64375 0.103125 0.6671875 0.08125 0.7265625 0.0765625 0.7984375 0.034375 0.79375 0.0296875 0.7734375
8 0.028125 0.6578125 0.025 0.678125 0.0328125 0.6890625 0.0328125 0.7125 0.025 0.7546875 0.028125 0.7671875 0.0375 0.7640625 0.04375 0.771875 0.04375 0.8046875 0.096875 0.5171875 0.0640625 0.53125 0.05625 0.54375
8 0.5203125 0.9015625 0.5109375 0.9984375 0.9484375 0.9984375 0.978125 0.7046875 0.9734375 0.6828125 0.9421875 0.628125 0.91875 0.5375 0.890625 0.609375 0.8546875 0.640625 0.828125 0.684375 0.825 0.70625 0.809375 0.7171875 0.8015625 0.734375 0.7796875 0.75 0.7515625 0.753125 0.7421875 0.775 0.721875 0.79375 0.7 0.840625 0.684375 0.830078125 0.678125 0.690625 0.6625 0.6890625 0.6453125 0.6765625 0.6390625 0.6609375 0.64375 0.6203125 0.653125 0.60625 0.653125 0.5875 0.6609375 0.5796875 0.6453125 0.5703125 0.6109375 0.59375 0.5984375 0.6390625 0.5765625 0.665625 0.5546875 0.7359375
5 0.665625 0.2703125 0.6546875 0.3140625 0.65625 0.334375 0.665625 0.34375 0.696875 0.35 0.725 0.3453125 0.73125 0.3375 0.73125 0.321875 0.7125 0.278125 0.696875 0.278125 0.684375 0.2671875 0.66875 0.265625
5 0.2296875 0.271875 0.25710227272727265 0.2982954545454546 0.278125 0.3078125 0.3078125 0.3203125 0.35 0.328125 0.3671875 0.325 0.3703125 0.2796875 0.35085227272727265 0.2826704545454546 0.31875 0.246875 0.29403409090909083 0.26136363636363635 0.2642045454545453 0.2713068181818182
7 0.287640625 0.183234375 0.1661875 0.0994375
7 0.7890625 0.154828125 0.276984375 0.21306250000000002