9 0.78984375 0.51171875 0.4203125 0.9765625
9 0.09453125 0.575 0.1890625 0.84375
9 0.51015625 0.5625 0.2609375 0.8703125
9 0.375 0.4671875 0.228125 0.6984375
9 0.21953125 0.58359375 0.1546875 0.8265625
6 0.5 0.184375 0.5015625 0.234375 0.50625 0.2328125 0.515625 0.19375 0.5375 0.1921875 0.5921875 0.2515625 0.5671875 0.321875 0.5875 0.3609375 0.6 0.3640625 0.5921875 0.1859375 0.58125 0.146875 0.5578125 0.1328125 0.521875 0.1359375 0.509375 0.1484375
8 0.8338749999999999 0.613484375 0.30262500000000003 0.64309375
8 0.5374218749999999 0.63775 0.191609375 0.566609375
8 0.391453125 0.44942187499999997 0.20559375000000002 0.36759375
8 0.22943750000000002 0.545640625 0.154609375 0.35115625
8 0.094984375 0.48478125 0.186671875 0.352796875
6 0.040625 0.1890625 0.04375 0.23125 0.0640625 0.2 0.09375 0.1921875 0.096875 0.2296875 0.1015625 0.234375 0.1171875 0.2296875 0.11875 0.1875 0.0984375 0.153125 0.053125 0.1609375
6 0.2015625 0.23125 0.2046875 0.2875 0.209375 0.2578125 0.2234375 0.240625 0.2359375 0.2375 0.253125 0.240625 0.2609375 0.25 0.2671875 0.278125 0.275 0.2765625 0.271875 0.2375 0.265625 0.215625 0.25625 0.2078125 0.246875 0.203125 0.2203125 0.20625
6 0.340625 0.1296875 0.3390625 0.15625 0.3453125 0.171875 0.3515625 0.1265625 0.3609375 0.115625 0.39609375 0.1125 0.4109375 0.11875 0.41875 0.171875 0.4234375 0.178125 0.4296875 0.171875 0.4296875 0.1296875 0.415625 0.0984375 0.4015625 0.0828125 0.375 0.0796875 0.3609375 0.084375 0.3484375 0.1015625
6 0.7375 0.06875 0.7375 0.1421875 0.740625 0.153125 0.7515625 0.1609375 0.76875 0.1 0.8 0.0796875 0.8578125 0.0671875 0.871875 0.0953125 0.8796875 0.1421875 0.875 0.05625 0.8546875 0.0265625 0.8328125 0.009375 0.8078125 0.003125 0.7765625 0.0078125 0.7453125 0.040625
5 0.38321875 0.16899999999999998 0.069078125 0.040296874999999996
5 0.238484375 0.280421875 0.0625 0.027953125000000002
5 0.07648437500000001 0.241359375 0.059203125 0.032078125
5 0.819484375 0.165703125 0.120890625 0.053453125000000004