9 0.465625 0.45546875 0.2234375 0.3640625
9 0.46640625 0.565625 0.234375 0.5703125
1 0.665625 0.25390625 0.184375 0.090625
1 0.4015625 0.36796875 0.0875 0.053125
9 0.72109375 0.50859375 0.378125 0.9265625
6 0.6015625 0.15 0.6 0.196875 0.603125 0.215625 0.6140625 0.225 0.61875 0.2234375 0.6171875 0.190625 0.640625 0.1921875 0.6546875 0.2046875 0.7046875 0.2109375 0.728125 0.2234375 0.7625 0.2125 0.775 0.2203125 0.7875 0.1921875 0.784375 0.1421875 0.7578125 0.121875 0.746875 0.0828125 0.734375 0.0625 0.7 0.04375 0.6625 0.0515625 0.6375 0.071875 0.6171875 0.103125
7 0.688921875 0.110078125 0.196015625 0.12073437499999999
7 0.404828125 0.326703125 0.0681875 0.042609375
7 0.48082812500000005 0.31534375 0.11221874999999999 0.07954687499999999
1 0.60625 0.2390625 0.6046875 0.25 0.6203125 0.275 0.6328125 0.2796875 0.675 0.2765625 0.6890625 0.275 0.7046875 0.2609375 0.709375 0.228125 0.7 0.2140625 0.6875 0.209375 0.653125 0.228125
4 0.734375 0.1703125 0.7359375 0.215625 0.7515625 0.2359375 0.7703125 0.2359375 0.7828125 0.2078125 0.7828125 0.16875 0.771875 0.1578125 0.7578125 0.1546875