7 0.32101562499999997 0.077421875 0.1875 0.140625
2 0.31484375 0.19296875 0.234375 0.365625
9 0.32890625 0.50390625 0.490625 0.9921875
7 0.5056875 0.26349999999999996 0.09659375 0.12357812500000001
2 0.50234375 0.27109375 0.10625 0.14375
2 0.68125 0.25078125 0.053125 0.0921875
2 0.81328125 0.25625 0.0640625 0.134375
2 0.925 0.24296875 0.1078125 0.1125
2 0.7515625 0.27109375 0.04375 0.09375
7 0.2578125 0.2359375 0.2515625 0.3 0.275 0.346875 0.2828125 0.38125 0.315625 0.40625 0.35 0.403125 0.3734375 0.38125 0.38125 0.340625 0.396875 0.3015625 0.3875 0.234375 0.3796875 0.228125 0.35625 0.246875 0.32265625 0.2625 0.3078125 0.259375 0.2703125 0.2328125
2 0.61796875 0.246875 0.0234375 0.0390625
2 0.6015625 0.25078125 0.015625 0.0328125
2 0.63984375 0.25078125 0.0265625 0.0328125
9 0.890625 0.3640625 0.1640625 0.34375
9 0.68203125 0.29609375 0.0734375 0.1515625
9 0.82421875 0.31953125 0.0859375 0.2234375
9 0.75 0.31171875 0.0859375 0.1671875
9 0.49296875 0.45859375 0.1734375 0.5234375
5 0.2546875 0.1890625 0.2515625 0.215625 0.2578125 0.23125 0.321875 0.2546875 0.3515625 0.246875 0.384375 0.2203125 0.384375 0.196875 0.3765625 0.1765625 0.2671875 0.171875
2 0.23125 0.10625 0.228125 0.1453125 0.23011363636363633 0.21022727272727276 0.25625 0.15 0.26875 0.11875 0.3015625 0.0890625 0.321875 0.0859375 0.346875 0.096875 0.3875 0.1578125 0.4 0.153125 0.40625 0.134375 0.403125 0.0953125 0.36875 0.03125 0.3265625 0.003125 0.290625 0.0078125 0.265625 0.0296875 0.240625 0.071875
7 0.9232968749999999 0.22868750000000002 0.0681875 0.0681875
7 0.750703125 0.251421875 0.04403125 0.048296875
7 0.8125 0.232953125 0.042609375 0.0681875
7 0.68253125 0.23721874999999998 0.0411875 0.0255625