2 0.0125 0.2390625 0.009375 0.2578125 0.0171875 0.2890625 0.0328125 0.31875 0.05625 0.3328125 0.075 0.3359375 0.1 0.3578125 0.1140625 0.359375 0.2171875 0.3296875 0.2203125 0.2796875 0.215625 0.2578125 0.1921875 0.2140625 0.1609375 0.1875 0.1328125 0.1875 0.1078125 0.2 0.090625 0.1984375 0.059375 0.2078125 0.025 0.221875
2 0.11171875 0.2828125 0.2234375 0.18125
2 0.915625 0.27578125 0.16875 0.2015625
2 0.825 0.13828125 0.165625 0.1953125
2 0.2234375 0.2171875 0.1109375 0.1828125
9 0.8171875 0.5296875 0.3640625 0.921875
9 0.1296875 0.57265625 0.25625 0.8328125
9 0.8203125 0.31484375 0.1765625 0.490625
2 0.1578125 0.165625 0.15625 0.184375 0.1953125 0.215625 0.2234375 0.275 0.2578125 0.2625 0.2640625 0.240625 0.259375 0.1984375 0.246875 0.165625 0.2328125 0.1484375 0.196875 0.1375
2 0.7671875 0.1390625 0.7671875 0.1984375 0.840625 0.21875 0.871875 0.178125 0.903125 0.1625 0.9046875 0.1 0.8859375 0.06875 0.8296875 0.071875 0.8046875 0.0828125 0.778125 0.10625
2 0.8328125 0.2578125 0.8296875 0.290625 0.840625 0.3359375 0.91875 0.35625 0.95 0.3234375 0.953125 0.2890625 0.9671875 0.271875 0.971875 0.23125 0.9671875 0.20625 0.9484375 0.1875 0.9203125 0.171875 0.9015625 0.16875 0.884375 0.1734375 0.871875 0.18125 0.8421875 0.2234375