9 0.594247491638796 0.6103571428571429 0.6468561872909699 0.7792857142857142
3 0.5139130434782608 0.3549404761904762 0.22187290969899667 0.23952380952380953
9 0.1753846153846154 0.5029166666666667 0.3507692307692308 0.9941666666666668
3 0.18638795986622073 0.1030952380952381 0.3010033444816054 0.2061309523809524
0 0.1239799331103679 0.18291666666666667 0.2365551839464883 0.2351785714285714
0 0.49799331103678934 0.5488095238095239 0.23575250836120398 0.20035714285714284
0 0.39464882943143814 0.5 0.39464882943143814 0.5416666666666666 0.391304347826087 0.5476190476190477 0.39464882943143814 0.5654761904761905 0.4013377926421405 0.5773809523809523 0.411371237458194 0.5714285714285714 0.4080267558528428 0.48214285714285715 0.4013377926421405 0.48214285714285715 0.4013377926421405 0.4880952380952381
0 0.5418060200668896 0.5416666666666666 0.5284280936454849 0.6130952380952381 0.5317725752508361 0.6309523809523809 0.5384615384615384 0.6369047619047619 0.5518394648829431 0.6369047619047619 0.5752508361204013 0.6130952380952381 0.5852842809364549 0.5952380952380952 0.5852842809364549 0.5416666666666666 0.5719063545150501 0.5238095238095238 0.5451505016722408 0.5297619047619048
0 0.10702341137123746 0.10119047619047619 0.10367892976588629 0.11904761904761904 0.10367892976588629 0.1488095238095238 0.10702341137123746 0.15476190476190477 0.10702341137123746 0.17261904761904762 0.11371237458193979 0.19642857142857142 0.13377926421404682 0.22023809523809523 0.15384615384615385 0.22023809523809523 0.15719063545150502 0.2261904761904762 0.16722408026755853 0.2261904761904762 0.19732441471571907 0.21428571428571427 0.21070234113712374 0.19642857142857142 0.21739130434782608 0.17261904761904762 0.21739130434782608 0.1130952380952381 0.20735785953177258 0.08928571428571429 0.19063545150501673 0.07142857142857142 0.13377926421404682 0.07142857142857142 0.11705685618729098 0.08333333333333333
1 0.23819397993311037 0.15386904761904763 0.13214046822742473 0.23226190476190478
1 0.4780267558528428 0.4500595238095238 0.17294314381270903 0.1393452380952381