2 0.25625 0.27890625 0.140625 0.1921875
2 0.6765625 0.2484375 0.159375 0.1484375
2 0.84921875 0.28984375 0.0578125 0.0703125
2 0.4109375 0.23984375 0.084375 0.0953125
2 0.484375 0.23515625 0.0375 0.0625
2 0.52421875 0.27734375 0.0484375 0.0578125
2 0.5796875 0.23984375 0.0671875 0.096875
9 0.24296875 0.59609375 0.2625 0.803125
9 0.69140625 0.5890625 0.3734375 0.821875
9 0.86953125 0.40546875 0.090625 0.2875
9 0.48515625 0.340625 0.0765625 0.20625
9 0.38046875 0.396875 0.1421875 0.409375
9 0.5640625 0.40078125 0.134375 0.428125