2 0.740625 0.228125 0.271875 0.3984375
2 0.37109375 0.26796875 0.1625 0.228125
1 0.246875 0.3078125 0.0609375 0.0390625
2 0.2484375 0.2859375 0.0703125 0.1390625
1 0.71484375 0.240625 0.16875 0.134375
9 0.73203125 0.5109375 0.5359375 0.96875
9 0.234375 0.40703125 0.171875 0.3609375
9 0.39375 0.44609375 0.2046875 0.5375
9 0.10703125 0.4015625 0.121875 0.16875
7 0.7244375 0.10014062500000001 0.1931875 0.132109375
7 0.35867187500000003 0.227984375 0.10653125000000001 0.07528125
7 0.25070312499999997 0.25710937500000003 0.058234375000000005 0.051140624999999995