2 0.09712727272727273 0.36595628415300546 0.05454545454545454 0.053224043715847
2 0.20192727272727273 0.33579234972677596 0.0708 0.07622950819672131
2 0.31530909090909087 0.3566120218579235 0.07367272727272728 0.07765027322404372
2 0.38087272727272725 0.34442622950819674 0.0708 0.07622950819672131
2 0.5392363636363636 0.38754098360655737 0.07178181818181818 0.09633879781420765
2 0.6339636363636364 0.3854098360655738 0.08323636363636364 0.09202185792349726
2 0.7095636363636364 0.3292896174863388 0.08516363636363637 0.09491803278688525
0 0.07894545454545455 0.6010928961748634 0.09665454545454545 0.33650273224043714
0 0.16076363636363636 0.5708743169398907 0.12632727272727273 0.376775956284153
0 0.3143636363636364 0.6269945355191257 0.16745454545454544 0.39114754098360655
0 0.5315636363636363 0.6593442622950819 0.20192727272727273 0.39546448087431696
0 0.7263272727272727 0.6111475409836066 0.17607272727272727 0.3968852459016393