9 0.646875 0.20625 0.0734375 0.215625
9 0.8015625 0.20546875 0.096875 0.28125
9 0.9046875 0.184375 0.0828125 0.2921875
9 0.84921875 0.1703125 0.0671875 0.228125
7 0.631390625 0.10725 0.026984374999999998 0.015625
6 0.6306875 0.11079687499999999 0.02840625 0.022734375
7 0.77628125 0.08025 0.032671875 0.01846875
6 0.780546875 0.08025 0.024140625 0.024140625
6 0.8345156250000001 0.06392187499999999 0.015625 0.008515625
6 0.8920468749999999 0.05753125 0.039765625 0.038359375
7 0.8885 0.048296875 0.026984374999999998 0.022734375