3 0.2125 0.3890625 0.0671875 0.09375
3 0.3671875 0.3765625 0.0625 0.0921875
3 0.47265625 0.39609375 0.05 0.0765625
3 0.41875 0.38203125 0.0421875 0.075
3 0.628125 0.39609375 0.0546875 0.0703125
3 0.73046875 0.38203125 0.028125 0.0265625
3 0.78203125 0.384375 0.025 0.03125
3 0.6625 0.3921875 0.028125 0.040625
9 0.40625 0.6609375 0.1640625 0.659375
9 0.20859375 0.6359375 0.1234375 0.59375
9 0.7796875 0.47421875 0.078125 0.203125
9 0.48515625 0.590625 0.0859375 0.4640625
9 0.725 0.475 0.05625 0.2140625
9 0.61796875 0.48203125 0.065625 0.24375
9 0.65625 0.5984375 0.0765625 0.4453125