7 0.389203125 0.230828125 0.09090625 0.0525625
2 0.3453125 0.24375 0.34375 0.2609375 0.35 0.2765625 0.365625 0.271875 0.3765625 0.278125 0.4015625 0.278125 0.4234375 0.271875 0.428125 0.2640625 0.428125 0.2453125 0.41875 0.2234375 0.3890625 0.203125 0.365625 0.203125
2 0.38671875 0.2375 0.0890625 0.0796875
2 0.1046875 0.2390625 0.1 0.259375 0.1046875 0.3171875 0.1140625 0.328125 0.121875 0.3296875 0.1375 0.3203125 0.1734375 0.2875 0.209375 0.275 0.209375 0.2453125 0.2015625 0.228125 0.159375 0.2 0.1390625 0.2 0.121875 0.2078125
2 0.1578125 0.265625 0.15 0.134375
2 0.75 0.2390625 0.75 0.253125 0.740625 0.2703125 0.7421875 0.2890625 0.76875 0.315625 0.790625 0.3265625 0.8375 0.33125 0.8734375 0.3265625 0.903125 0.309375 0.90625 0.2640625 0.8984375 0.2328125 0.8640625 0.19375 0.834375 0.184375 0.790625 0.1890625 0.7609375 0.215625
2 0.83203125 0.25625 0.203125 0.1421875
9 0.37265625 0.35078125 0.165625 0.29375
9 0.15078125 0.41640625 0.203125 0.434375
9 0.7828125 0.5796875 0.31875 0.790625
7 0.826 0.23224999999999998 0.17471874999999998 0.098015625
7 0.163359375 0.237921875 0.1306875 0.069609375