9 0.6234375 0.47890625 0.4203125 0.703125
9 0.2734375 0.46640625 0.2765625 0.60625
9 0.09765625 0.45234375 0.19375 0.6265625
9 0.90859375 0.5234375 0.18125 0.95
9 0.74296875 0.9109375 0.1875 0.1765625
6 0.209375 0.2859375 0.209375 0.38125 0.2609375 0.38125 0.2671875 0.359375 0.2670454545454545 0.2698863636363636 0.27698863636363635 0.21022727272727265 0.3323863636363635 0.25994318181818177 0.346590909090909 0.3281249999999999 0.340625 0.36875 0.3484375 0.36875 0.35653409090909083 0.30823863636363624 0.3359375 0.23125 0.3234375 0.2 0.29375 0.1703125 0.278125 0.1640625 0.25 0.165625 0.2296875 0.1828125 0.2171875 0.215625
6 0.0015625 0.121875 0 0.3125 0.009375 0.3125 0.015625 0.284375 0.0328125 0.2578125 0.034375 0.2375 0.0703125 0.203125 0.0796875 0.2046875 0.0859375 0.1921875 0.08125 0.16875 0.0640625 0.146875 0.03125 0.128125
6 0.5046875 0.1765625 0.5015625 0.2125 0.509375 0.246875 0.5171875 0.25625 0.534375 0.21875 0.5484375 0.209375 0.5796875 0.203125 0.609375 0.1828125 0.6171875 0.1890625 0.634375 0.234375 0.6390625 0.2375 0.6421875 0.2328125 0.6234375 0.1546875 0.615625 0.140625 0.5890625 0.11875 0.5515625 0.1171875 0.5328125 0.128125
7 0.9438906250000001 0.126421875 0.11221874999999999 0.230109375
6 0.8890625 0.1328125 0.8890625 0.18125 0.903125 0.2265625 0.9109375 0.2265625 0.95 0.26875 0.95 0.2765625 0.9984375 0.2859375 0.9984375 0 0.9390625 0 0.928125 0.009375 0.9015625 0.05625
8 0.60625 0.503125 0.6125 0.7484375 0.6140625 0.759375 0.6328125 0.7671875 0.646875 0.759375 0.646875 0.7421875 0.6375 0.7109375 0.6265625 0.5 0.621875 0.4984375 0.6171875 0.5078125
8 0.5015625 0.425 0.48125 0.5484375 0.45625 0.621875 0.459375 0.6734375 0.4765625 0.6859375 0.5015625 0.6859375 0.534375 0.6125 0.546875 0.6234375 0.5609375 0.659375 0.5609375 0.7421875 0.590625 0.7515625 0.596875 0.671875 0.584375 0.41875 0.5703125 0.3703125 0.5515625 0.384375 0.5125 0.4
8 0.6375 0.43125 0.6359375 0.678125 0.66875 0.778125 0.6828125 0.7859375 0.6859375 0.771875 0.696875 0.7671875 0.6984375 0.7526041666666667 0.7546875 0.759375 0.7546875 0.778125 0.7421875 0.796875 0.74375 0.80625 0.815625 0.8296875 0.8203125 0.821875 0.8046875 0.7578125 0.8125 0.7203125 0.828125 0.684375 0.8296875 0.653125 0.796875 0.4796875 0.7578125 0.3578125 0.746875 0.35 0.6828125 0.3328125 0.65 0.3390625
8 0.0328125 0.4515625 0.0203125 0.484375 0 0.490625 0 0.7625 0.0578125 0.7484375 0.0640625 0.7109375 0.0875 0.703125 0.1015625 0.7375 0.121875 0.7265625 0.153125 0.721875 0.1609375 0.7125 0.165625 0.678125 0.1578125 0.590625 0.109375 0.453125 0.0875 0.434375 0.0546875 0.4375
8 0.8625 0.621875 0.846875 0.7828125 0.8359375 0.8078125 0.8390625 0.85625 0.828125 0.90625 0.8015625 0.953125 0.8015625 0.9984375 0.9984375 0.9984375 0.9984375 0.4109375 0.9734375 0.465625 0.884375 0.5546875
7 0.566046875 0.149140625 0.13778125000000002 0.051140624999999995
7 0.27414062499999997 0.206671875 0.147734375 0.086640625
7 0.05184375 0.167609375 0.09517187499999999 0.0880625