2 0.4981132075471698 0.17894736842105263 0.4981132075471698 0.19473684210526315 0.49433962264150944 0.2 0.49433962264150944 0.2631578947368421 0.5094339622641509 0.30526315789473685 0.5169811320754717 0.3105263157894737 0.5433962264150943 0.3105263157894737 0.5471698113207547 0.3157894736842105 0.5962264150943396 0.3157894736842105 0.6 0.3105263157894737 0.6037735849056604 0.29473684210526313 0.6113207547169811 0.28421052631578947 0.6226415094339622 0.24210526315789474 0.6226415094339622 0.17894736842105263 0.6150943396226415 0.15789473684210525 0.6037735849056604 0.14210526315789473 0.5773584905660377 0.12631578947368421 0.5509433962264151 0.12105263157894737 0.5245283018867924 0.1368421052631579
2 0.5507169811320755 0.22957894736842105 0.13173584905660377 0.2266842105263158
2 0.6490566037735849 0.30526315789473685 0.6490566037735849 0.3263157894736842 0.6452830188679245 0.33157894736842103 0.6490566037735849 0.37894736842105264 0.6716981132075471 0.4 0.7169811320754716 0.42105263157894735 0.7320754716981132 0.41578947368421054 0.7584905660377359 0.37894736842105264 0.769811320754717 0.3473684210526316 0.769811320754717 0.3368421052631579 0.7660377358490567 0.33157894736842103 0.7660377358490567 0.28421052631578947 0.7547169811320755 0.24736842105263157 0.7433962264150943 0.24210526315789474 0.720754716981132 0.23684210526315788 0.6943396226415094 0.24736842105263157 0.6754716981132075 0.2631578947368421
2 0.7180754716981131 0.3268421052631579 0.12539622641509432 0.1601578947368421
2 0.7924528301886793 0.2631578947368421 0.7811320754716982 0.2789473684210526 0.7849056603773585 0.3368421052631579 0.7886792452830189 0.34210526315789475 0.7886792452830189 0.35789473684210527 0.7924528301886793 0.3684210526315789 0.8075471698113208 0.3684210526315789 0.8113207547169812 0.3631578947368421 0.8452830188679246 0.3631578947368421 0.8603773584905661 0.3526315789473684 0.8679245283018868 0.34210526315789475 0.8716981132075472 0.33157894736842103 0.8679245283018868 0.2894736842105263 0.8603773584905661 0.26842105263157895 0.8490566037735849 0.25263157894736843 0.8377358490566038 0.24736842105263157 0.8150943396226416 0.24736842105263157
2 0.38113207547169814 0.3105263157894737 0.3660377358490566 0.3526315789473684 0.3660377358490566 0.38421052631578945 0.37735849056603776 0.4 0.38113207547169814 0.41578947368421054 0.39622641509433965 0.41578947368421054 0.4 0.4105263157894737 0.41509433962264153 0.4105263157894737 0.42641509433962266 0.4052631578947368 0.44528301886792454 0.39473684210526316 0.45660377358490567 0.37894736842105264 0.45660377358490567 0.3631578947368421 0.46037735849056605 0.35789473684210527 0.45660377358490567 0.3473684210526316 0.45660377358490567 0.33157894736842103 0.4490566037735849 0.3105263157894737 0.44150943396226416 0.3 0.4226415094339623 0.2894736842105263 0.4037735849056604 0.2894736842105263 0.39245283018867927 0.29473684210526313
7 0.09075471698113208 0.3264736842105263 0.05505660377358491 0.038421052631578946
2 0.06792452830188679 0.30526315789473685 0.06037735849056604 0.33157894736842103 0.06037735849056604 0.3473684210526316 0.07169811320754717 0.3526315789473684 0.1018867924528302 0.3526315789473684 0.10943396226415095 0.34210526315789475 0.11320754716981132 0.32105263157894737 0.1018867924528302 0.3 0.08679245283018867 0.29473684210526313 0.0830188679245283 0.3 0.07169811320754717 0.3
10 0.7811320754716982 0.45789473684210524 0.7773584905660378 0.47368421052631576 0.8 0.48947368421052634 0.909433962264151 0.6578947368421053 0.9018867924528302 0.7 0.8264150943396227 0.8052631578947368 0.8113207547169812 0.9157894736842105 0.9283018867924528 0.9210526315789473 0.9358490566037736 0.9052631578947369 0.9320754716981132 0.8368421052631579 0.9169811320754717 0.8052631578947368 0.9132075471698113 0.7631578947368421 0.9433962264150944 0.7210526315789474 0.9735849056603774 0.7157894736842105 0.9886792452830189 0.6473684210526316 0.9886792452830189 0.5842105263157895 0.9660377358490566 0.47368421052631576 0.9509433962264151 0.43157894736842106 0.9320754716981132 0.4105263157894737 0.8641509433962264 0.3631578947368421 0.8264150943396227 0.37894736842105264
10 0.03018867924528302 0.41578947368421054 0.026415094339622643 0.45263157894736844 0.03018867924528302 0.45789473684210524 0.03773584905660377 0.6789473684210526 0.052830188679245285 0.7052631578947368 0.09056603773584905 0.7052631578947368 0.12452830188679245 0.6578947368421053 0.13584905660377358 0.5105263157894737 0.1471698113207547 0.47368421052631576 0.14339622641509434 0.4105263157894737 0.1018867924528302 0.3684210526315789 0.06415094339622641 0.3631578947368421 0.03773584905660377 0.39473684210526316
7 0.8255849056603773 0.2866315789473684 0.09279245283018868 0.08678947368421051
7 0.5589056603773586 0.17710526315789474 0.1570566037735849 0.12373684210526317
7 0.7062641509433962 0.30794736842105264 0.12135849056603772 0.0981578947368421
7 0.40898113207547165 0.33994736842105266 0.08769811320754717 0.07110526315789474