2 0.15703125 0.34296875 0.178125 0.3078125
2 0.34140625 0.3140625 0.1640625 0.1703125
2 0.4921875 0.4609375 0.146875 0.3140625
2 0.65546875 0.18984375 0.134375 0.209375
2 0.81015625 0.39296875 0.1890625 0.3140625
10 0.64559375 0.44460937500000003 0.188921875 0.25568749999999996
9 0.76640625 0.5984375 0.4671875 0.8015625
9 0.184375 0.6125 0.3671875 0.771875
9 0.53828125 0.6484375 0.3859375 0.7015625
9 0.503125 0.61484375 0.5515625 0.76875
10 0.171171875 0.727984375 0.32243750000000004 0.5099375
10 0.5213125 0.7890625 0.332390625 0.39914062499999997
10 0.8501406250000001 0.7556875 0.28835937500000003 0.48864062500000005
5 0.162640625 0.331671875 0.12073437499999999 0.0525625
5 0.34659375 0.373578125 0.139203125 0.053984374999999994
5 0.51065625 0.44246875 0.11221874999999999 0.046875
5 0.6505625 0.21804687500000003 0.1306875 0.0525625
5 0.769890625 0.37712500000000004 0.102265625 0.055390625000000006