2 0.2359375 0.36328125 0.1578125 0.1703125
2 0.0546875 0.29921875 0.0890625 0.1671875
2 0.5 0.37734375 0.1390625 0.1734375
2 0.8578125 0.3734375 0.128125 0.1890625
9 0.20546875 0.5140625 0.3265625 0.4640625
9 0.80859375 0.6453125 0.2875 0.70625
9 0.046875 0.4265625 0.09375 0.4359375
9 0.48515625 0.45625 0.2109375 0.3125
7 0.243609375 0.316765625 0.10653125000000001 0.06534375
7 0.8686093749999999 0.33664062499999997 0.09517187499999999 0.073859375
7 0.49645312500000005 0.339484375 0.086640625 0.0568125
7 0.053984374999999994 0.24787499999999998 0.051140624999999995 0.058234375000000005