9 0.60859375 0.5703125 0.18125 0.3671875
9 0.73828125 0.6203125 0.3125 0.6828125
9 0.85625 0.66796875 0.2875 0.65625
9 0.90546875 0.67265625 0.1875 0.646875
2 0.0375 0.3765625 0.0359375 0.4328125 0.05625 0.4578125 0.08125 0.4609375 0.0984375 0.453125 0.1265625 0.4171875 0.1328125 0.3921875 0.13125 0.3625 0.121875 0.340625 0.096875 0.31875 0.0859375 0.3171875 0.065625 0.33125 0.05 0.346875
2 0.08125 0.39453125 0.1125 0.1453125
2 0.0921875 0.30625 0.0921875 0.3171875 0.115625 0.33125 0.128125 0.35 0.1375 0.3875 0.1875 0.340625 0.1921875 0.3296875 0.1859375 0.2921875 0.1765625 0.2765625 0.1578125 0.2625 0.1375 0.265625 0.115625 0.278125
2 0.1390625 0.32421875 0.121875 0.1125
10 0.203125 0.51875 0.203125 0.5390625 0.2125 0.5515625 0.2390625 0.5734375 0.2703125 0.5734375 0.2875 0.58125 0.2921875 0.60625 0.309375 0.625 0.30625 0.6046875 0.3203125 0.575 0.3421875 0.5703125 0.378125 0.5828125 0.378125 0.5171875 0.3375 0.44375 0.3484375 0.3859375 0.2984375 0.378125 0.290625 0.365625 0.2578125 0.384375 0.228125 0.434375
2 0.3 0.303125 0.2890625 0.3296875 0.290625 0.3421875 0.31875 0.34375 0.353125 0.3640625 0.3734375 0.3578125 0.3578125 0.3015625 0.34375 0.284375 0.328125 0.278125 0.3078125 0.290625
2 0.3296875 0.3203125 0.090625 0.0796875
2 0.3765625 0.38359375 0.075 0.059375
2 0.6625 0.3296875 0.66875 0.378125 0.6890625 0.3796875 0.746875 0.3453125 0.75625 0.3296875 0.7578125 0.3109375 0.7359375 0.2765625 0.7125 0.2671875 0.6890625 0.284375
2 0.71171875 0.32578125 0.1046875 0.1015625
10 0.534375 0.559375 0.5328125 0.5796875 0.5390625 0.584375 0.575 0.5953125 0.6023652891816135 0.5670025508117476 0.6347311853167449 0.5430278129338724 0.6419236066801075 0.5682012877056414 0.6734375 0.546875 0.6916711877766983 0.5298417071010412 0.69375 0.4984375 0.6868762402011234 0.4806934944513971 0.6703125 0.46875 0.6484375 0.465625 0.553125 0.5375
2 0.6 0.403125 0.6 0.4359375 0.634375 0.4671875 0.6515625 0.4609375 0.671875 0.4625 0.646875 0.3875 0.621875 0.3875
2 0.63046875 0.425 0.0796875 0.0890625
2 0.7515625 0.3828125 0.75 0.4 0.7703125 0.43125 0.79375 0.4390625 0.8140625 0.4640625 0.8359375 0.475 0.8546875 0.4625 0.8640625 0.4390625 0.8609375 0.3953125 0.8515625 0.3703125 0.8109375 0.3203125 0.7953125 0.315625 0.771875 0.3296875
2 0.81328125 0.4 0.1234375 0.1640625
2 0.90625 0.3984375 0.903125 0.4359375 0.9078125 0.4515625 0.921875 0.4375 0.959375 0.4375 0.975 0.4484375 0.978125 0.4734375 0.990625 0.459375 0.9859375 0.3875 0.96875 0.3640625 0.95 0.353125 0.928125 0.3578125
2 0.9484375 0.41484375 0.103125 0.146875
10 0.96875 0.528125 0.9553933044333253 0.6161507634613917 0.9236267767451407 0.6137532896736042 0.9128381447000968 0.595172867818251 0.9116394078062031 0.5418290760399787 0.8684848796260278 0.5652044454709071 0.8211347723172244 0.6527122387251513 0.807349298037446 0.7078541358442643 0.8007562451210305 0.7635954014103239 0.8097467718252336 0.7653935067511646 0.8359375 0.75 0.8171875 0.7671875 0.8203125 0.88125 0.828125 0.928125 0.8640625 0.9984375 0.9984375 0.9984375 1 0.5406303391460849
10 0.7625 0.7140625 0.7609375 0.7421875 0.7828125 0.809375 0.790625 0.8 0.7921875 0.775 0.803125 0.753125 0.815625 0.74375 0.8171875 0.721875 0.84375 0.7171875 0.846875 0.728125 0.853125 0.70625 0.8453125 0.6625 0.853125 0.6296875 0.85 0.6203125 0.8640625 0.5640625 0.8734375 0.55625 0.8671875 0.4984375 0.85625 0.471875 0.821875 0.49375 0.7921875 0.546875 0.775 0.6109375
10 0.0046875 0.684375 0.00625 0.7015625 0 0.7109375 0.009375 0.734375 0.0046875 0.8 0.0203125 0.8328125 0.009375 0.8796875 0.0265625 0.89375 0.05625 0.8953125 0.0796875 0.859375 0.134375 0.7984375 0.1359375 0.7875 0.1453125 0.7859375 0.15 0.7609375 0.1484375 0.728125 0.1390625 0.7203125 0.1328125 0.69375 0.1328125 0.6796875 0.15 0.6578125 0.1421875 0.6546875 0.128125 0.6234375 0.1203125 0.5796875 0.0984375 0.525 0.059375 0.4875 0.0484375 0.4921875
10 0.1015625 0.478125 0.096875 0.5203125 0.1203125 0.575 0.1296875 0.61875 0.1546875 0.640625 0.2203125 0.615625 0.21875 0.578125 0.2234375 0.5703125 0.1390625 0.446875 0.1265625 0.4484375 0.11875 0.46875
9 0.31875 0.46015625 0.2375 0.35
9 0.19140625 0.621875 0.371875 0.7203125