9 0.3411461937716263 0.518862763915547 0.09679065743944637 0.848584452975048
9 0.40599264705882354 0.24187140115163147 0.06539792387543251 0.3230758157389635
9 0.5069139273356401 0.5781285988483685 0.12700043252595156 0.8231621880998081
10 0.44783520761245676 0.4165259117082533 0.12326557093425605 0.3840355086372361
9 0.4532417820069204 0.16884357005758158 0.04560769896193771 0.2509117082533589
2 0.41211937716262975 0.18229846449136278 0.051833910034602075 0.13962092130518236
1 0.4179195501730104 0.1733493282149712 0.03237024221453287 0.04986564299424184
2 0.4566176470588236 0.10345489443378118 0.051963667820069205 0.08781190019193857
2 0.47234645328719727 0.22606046065259117 0.05027032871972318 0.0724616122840691
1 0.4567495674740485 0.11327255278310941 0.038594290657439446 0.03035028790786948
2 0.45602724913494813 0.0608253358925144 0.043968425605536335 0.08286468330134357
3 0.4717560553633218 0.1895489443378119 0.03991565743944637 0.0552831094049904
10 0.3544831314878893 0.5085508637236084 0.16186418685121107 0.5491458733205374