9 0.18462499999999998 0.38086111111111115 0.09621874999999999 0.5423888888888888
6 0.182828125 0.1428611111111111 0.038953125 0.1071388888888889
9 0.265625 0.22808333333333333 0.065796875 0.3421111111111111
6 0.26037499999999997 0.07836111111111112 0.03334375 0.0615
9 0.28865625 0.5731111111111111 0.07565625000000001 0.29533333333333334
6 0.278796875 0.4623055555555556 0.045625 0.0753888888888889
9 0.39637500000000003 0.6878611111111111 0.09210937500000001 0.39911111111111114
6 0.377546875 0.547611111111111 0.04446875 0.12302777777777778
9 0.5530468749999999 0.7660833333333333 0.074828125 0.4561388888888889
6 0.5510625 0.5873055555555555 0.041078125 0.10316666666666667
9 0.70065625 0.4985277777777778 0.0625 0.2923888888888889
6 0.7061875 0.4146944444444444 0.04771875 0.07141666666666667
9 0.522203125 0.38669444444444445 0.042765625 0.32894444444444443
6 0.519265625 0.25397222222222227 0.044437500000000005 0.07936111111111112
9 0.6073125 0.33699999999999997 0.06003125 0.3318611111111111
6 0.60240625 0.19444444444444445 0.03659375 0.05952777777777778
9 0.37253125 0.21419444444444444 0.08059374999999999 0.22369444444444445
2 0.3608125 0.12697222222222224 0.0333125 0.06747222222222223
9 0.467515625 0.2975277777777778 0.0518125 0.34355555555555556
2 0.47128125 0.1378888888888889 0.02659375 0.05752777777777778
9 0.769328125 0.2266111111111111 0.06003125 0.26608333333333334
2 0.768671875 0.13491666666666666 0.027609375000000002 0.06747222222222223
9 0.8277187500000001 0.5299722222222222 0.071546875 0.3143333333333333
2 0.841203125 0.4166666666666667 0.052140624999999996 0.11905555555555555