6 0.15325 0.2638888888888889 0.040078125 0.09525
6 0.273765625 0.4166666666666667 0.031109375 0.0635
6 0.344625 0.46725 0.036671875 0.07738888888888888
6 0.669921875 0.40177777777777773 0.039921875 0.07738888888888888
6 0.80046875 0.2380833333333333 0.03765625 0.05952777777777778
6 0.5326562499999999 0.14683333333333334 0.046656249999999996 0.07936111111111112
6 0.446734375 0.1438611111111111 0.03775 0.06547222222222222
6 0.335140625 0.05455555555555556 0.035562500000000004 0.07341666666666667
6 0.24307812499999998 0.12202777777777778 0.03446875 0.0615
2 0.445609375 0.6130833333333333 0.057843750000000006 0.14683333333333334
2 0.57896875 0.6875 0.065609375 0.15675
2 0.8267031250000001 0.48808333333333337 0.02759375 0.051583333333333335