6 0.5455 0.5625 0.034375 0.10913888888888888
6 0.799921875 0.4464166666666667 0.038765625 0.11905555555555555
6 0.163859375 0.2480277777777778 0.0411875 0.11905555555555555
6 0.293859375 0.40475 0.040031250000000004 0.10316666666666667
6 0.427203125 0.6200277777777778 0.04334375 0.09722222222222222
6 0.3451875 0.09622222222222222 0.03778125 0.08927777777777778
6 0.46403125 0.15080555555555555 0.04109375 0.0753888888888889
6 0.611890625 0.2678611111111111 0.031015625 0.08730555555555555
2 0.25201562499999997 0.08433333333333333 0.03 0.05752777777777778
2 0.6833125 0.24502777777777776 0.044375 0.07738888888888888
2 0.5521874999999999 0.1716388888888889 0.034375 0.05752777777777778