9 0.0078125 0.6609375 0.0078125 0.9359375 0.0234375 0.9984375 0.4484375 0.9984375 0.4484375 0.9796875 0.4828125 0.98125 0.4828125 0.9953125 0.4921875 0.9984375 0.5109375 0.9984375 0.5140625 0.99375 0.51875 0.9296875 0.50625 0.828125 0.4890625 0.7734375 0.484375 0.65625 0.46875 0.6234375 0.4484375 0.6078125 0.34375 0.5671875 0.3421875 0.5421875 0.3703125 0.48125 0.36875 0.434375 0.3421875 0.39375 0.3171875 0.36875 0.2984375 0.3609375 0.2609375 0.359375 0.2125 0.38125 0.1890625 0.4078125 0.1875 0.440625 0.184375 0.4484375 0.1734375 0.4515625 0.1703125 0.4640625 0.175 0.478125 0.2140625 0.5078125 0.2203125 0.525 0.215625 0.5390625 0.1984375 0.5515625 0.0578125 0.59375 0.0265625 0.6234375
0 0.19140625 0.47109375 0.0453125 0.053125
9 0.521875 0.9796875 0.5203125 0.9984375 0.98125 0.9984375 0.9828125 0.99375 0.96875 0.8765625 0.95 0.8359375 0.9328125 0.8140625 0.903125 0.796875 0.865625 0.7890625 0.840625 0.7703125 0.8359375 0.746875 0.809375 0.728125 0.803125 0.7140625 0.81875 0.684375 0.803125 0.6265625 0.7828125 0.603125 0.746875 0.5890625 0.7109375 0.5890625 0.68125 0.596875 0.6515625 0.6234375 0.64375 0.6515625 0.6484375 0.7046875 0.6734375 0.7390625 0.68125 0.765625 0.6609375 0.7796875 0.6265625 0.7828125 0.603125 0.79375 0.5640625 0.825 0.5421875 0.871875
6 0.747125 0.677625 0.20806249999999998 0.184203125
0 0.7984375 0.68359375 0.034375 0.0515625
9 0.2625 0.675 0.525 0.6484375
9 0.74765625 0.7921875 0.4671875 0.4140625
5 0.713 0.6735156250000001 0.128296875 0.039468750000000004
6 0.2734375 0.40418750000000003 0.186671875 0.097859375
5 0.27754687499999997 0.44120312500000003 0.188328125 0.038656249999999996
7 0.2705625 0.38856250000000003 0.171046875 0.06003125
7 0.731078125 0.622125 0.171046875 0.063328125