9 0.009615384615384616 0.15357142857142858 0.009615384615384616 0.3535714285714286 0 0.3892857142857143 0 0.9214285714285714 0.16346153846153846 0.9214285714285714 0.16346153846153846 0.4857142857142857 0.13846153846153847 0.4357142857142857 0.11346153846153846 0.42142857142857143 0.09615384615384616 0.375 0.12115384615384615 0.3 0.12307692307692308 0.21071428571428572 0.14038461538461539 0.18571428571428572 0.13076923076923078 0.11071428571428571 0.09807692307692308 0.039285714285714285 0.06346153846153846 0.03214285714285714 0.028846153846153848 0.075
3 0.01730769230769231 0.11071428571428571 0.0057692307692307696 0.16071428571428573 0.019230769230769232 0.18928571428571428 0.05384615384615385 0.17142857142857143 0.09807692307692308 0.175 0.125 0.19285714285714287 0.1423076923076923 0.18571428571428572 0.12692307692307692 0.09285714285714286 0.09038461538461538 0.03214285714285714 0.06538461538461539 0.02857142857142857 0.04038461538461539 0.05357142857142857
9 0.175 0.28214285714285714 0.1596153846153846 0.7892857142857143 0.1673076923076923 0.9214285714285714 0.32884615384615384 0.925 0.3346153846153846 0.9107142857142857 0.33076923076923076 0.8321428571428572 0.3423076923076923 0.8071428571428572 0.3326923076923077 0.7357142857142858 0.3403846153846154 0.7 0.3403846153846154 0.5678571428571428 0.32884615384615384 0.5321428571428571 0.3173076923076923 0.5392857142857143 0.2980769230769231 0.5214285714285715 0.2846153846153846 0.44642857142857145 0.3192307692307692 0.3107142857142857 0.3230769230769231 0.25 0.2980769230769231 0.16785714285714284 0.26346153846153847 0.12142857142857143 0.2153846153846154 0.15357142857142858 0.18461538461538463 0.21785714285714286
3 0.17692307692307693 0.2571428571428571 0.175 0.30714285714285716 0.18461538461538463 0.3392857142857143 0.19038461538461537 0.26071428571428573 0.21923076923076923 0.21071428571428572 0.27307692307692305 0.21785714285714286 0.3230769230769231 0.2785714285714286 0.3019230769230769 0.175 0.26346153846153847 0.11785714285714285 0.2173076923076923 0.15 0.18461538461538463 0.21785714285714286
9 0.3346153846153846 0.4714285714285714 0.3346153846153846 0.9214285714285714 0.49615384615384617 0.9214285714285714 0.4980769230769231 0.42142857142857143 0.47307692307692306 0.3535714285714286 0.475 0.3107142857142857 0.49038461538461536 0.26071428571428573 0.4846153846153846 0.225 0.49038461538461536 0.18928571428571428 0.47884615384615387 0.11428571428571428 0.4596153846153846 0.06785714285714285 0.4269230769230769 0.04285714285714286 0.40576923076923077 0.04642857142857143 0.37884615384615383 0.08214285714285714 0.3596153846153846 0.15714285714285714 0.34807692307692306 0.16428571428571428 0.36538461538461536 0.2 0.38846153846153847 0.3535714285714286 0.37115384615384617 0.44285714285714284
3 0.3769230769230769 0.08214285714285714 0.36153846153846153 0.15357142857142858 0.34615384615384615 0.16428571428571428 0.35 0.18214285714285713 0.36346153846153845 0.19285714285714287 0.38269230769230766 0.16785714285714284 0.42115384615384616 0.16071428571428573 0.47307692307692306 0.18214285714285713 0.4846153846153846 0.20714285714285716 0.49038461538461536 0.2 0.475 0.1 0.45 0.05714285714285714 0.4076923076923077 0.04285714285714286
9 0.5019230769230769 0.4642857142857143 0.5 0.9214285714285714 0.6615384615384615 0.925 0.6692307692307692 0.6 0.6653846153846154 0.4714285714285714 0.6634615384615384 0.45 0.6403846153846153 0.41785714285714287 0.625 0.35 0.6480769230769231 0.2785714285714286 0.6423076923076924 0.22857142857142856 0.6615384615384615 0.19285714285714287 0.6423076923076924 0.10714285714285714 0.5980769230769231 0.039285714285714285 0.5673076923076923 0.04642857142857143 0.525 0.12142857142857143 0.5192307692307693 0.18214285714285713 0.5096153846153846 0.2 0.5288461538461539 0.22857142857142856 0.5288461538461539 0.2857142857142857 0.5461538461538461 0.3464285714285714 0.5480769230769231 0.4 0.5269230769230769 0.44642857142857145
3 0.5269230769230769 0.11071428571428571 0.5096153846153846 0.19285714285714287 0.5211538461538462 0.21785714285714286 0.5538461538461539 0.19285714285714287 0.6046153846153846 0.18928571428571428 0.6346153846153846 0.2 0.6423076923076924 0.21785714285714286 0.6615384615384615 0.2 0.6403846153846153 0.1 0.5980769230769231 0.039285714285714285 0.5692307692307692 0.04285714285714286
9 0.6865384615384615 0.09285714285714286 0.6826923076923077 0.2 0.6942307692307692 0.2785714285714286 0.6673076923076923 0.44285714285714284 0.6673076923076923 0.9214285714285714 0.8288461538461539 0.925 0.8307692307692308 0.3892857142857143 0.7961538461538461 0.28214285714285714 0.8038461538461539 0.11428571428571428 0.7865384615384615 0.04285714285714286 0.75 0.007142857142857143 0.7192307692307692 0.02142857142857143
3 0.6884615384615385 0.07857142857142857 0.6884615384615385 0.12857142857142856 0.7557692307692307 0.125 0.7980769230769231 0.16785714285714284 0.801923076923077 0.16071428571428573 0.8057692307692308 0.11785714285714285 0.7961538461538461 0.07142857142857142 0.7788461538461539 0.02857142857142857 0.7538461538461538 0.007142857142857143 0.7192307692307692 0.02142857142857143
9 0.8346153846153846 0.4714285714285714 0.8346153846153846 0.9214285714285714 0.9980769230769231 0.925 0.9980769230769231 0.4392857142857143 0.9442307692307692 0.42857142857142855 0.9307692307692308 0.4107142857142857 0.9365384615384615 0.3678571428571429 0.9538461538461539 0.33214285714285713 0.9538461538461539 0.2714285714285714 0.9730769230769231 0.17142857142857143 0.95 0.08928571428571429 0.9288461538461539 0.060714285714285714 0.9038461538461539 0.05 0.8769230769230769 0.07857142857142857 0.8480769230769231 0.17142857142857143 0.85 0.28214285714285714 0.8653846153846154 0.33214285714285713 0.8673076923076923 0.37142857142857144 0.8576923076923076 0.425
3 0.8519230769230769 0.15357142857142858 0.8480769230769231 0.19285714285714287 0.875 0.16071428571428573 0.9 0.15 0.9461538461538461 0.15357142857142858 0.9615384615384616 0.16785714285714284 0.9692307692307692 0.2 0.9730769230769231 0.18571428571428572 0.9538461538461539 0.09642857142857143 0.9096153846153846 0.04285714285714286 0.8692307692307693 0.08928571428571429
1 0.7384615384615385 0.19857142857142857 0.12307692307692308 0.09142857142857143
1 0.6865384615384615 0.17142857142857143 0.6865384615384615 0.21785714285714286 0.6942307692307692 0.23214285714285715 0.7153846153846154 0.22857142857142856 0.7288461538461538 0.20357142857142857 0.7461538461538462 0.23214285714285715 0.7730769230769231 0.23214285714285715 0.7942307692307692 0.19285714285714287 0.7942307692307692 0.175 0.7826923076923077 0.16785714285714284
5 0.9069230769230769 0.26 0.11076923076923077 0.06571428571428571
5 0.5907692307692307 0.2792857142857143 0.11076923076923077 0.08142857142857143
5 0.42115384615384616 0.24071428571428574 0.12384615384615386 0.10142857142857142
5 0.24807692307692308 0.3157142857142857 0.13769230769230767 0.09714285714285714
5 0.07269230769230768 0.23 0.11307692307692307 0.08571428571428572
10 0.08692307692307692 0.6342857142857142 0.14769230769230768 0.5657142857142857
10 0.41884615384615387 0.6642857142857143 0.14538461538461536 0.5342857142857143
10 0.5838461538461539 0.6521428571428571 0.14615384615384616 0.5328571428571428
4 0.8603846153846153 0.2714285714285714 0.022307692307692306 0.08
4 0.7965384615384615 0.22571428571428573 0.03461538461538462 0.08857142857142858
4 0.6396153846153847 0.2864285714285714 0.01769230769230769 0.09
4 0.4796153846153846 0.26285714285714284 0.025384615384615384 0.09714285714285714
4 0.19615384615384615 0.3457142857142857 0.021538461538461538 0.09428571428571428