3 0.15990625 0.20031249999999998 0.20020312499999998 0.15326562500000002
3 0.467078125 0.35634375 0.078796875 0.10198437499999999
3 0.590078125 0.41237500000000005 0.072125 0.082796875
0 0.10209375000000001 0.4809375 0.19437500000000002 0.4208125
0 0.36796875 0.56353125 0.21271874999999998 0.26634375
0 0.540078125 0.547671875 0.104265625 0.21232812499999998
1 0.207015625 0.80575 0.259578125 0.20346875
1 0.5385156249999999 0.738546875 0.196671875 0.14496875
1 0.668875 0.704390625 0.100265625 0.166828125
1 0.9377187499999999 0.750828125 0.12456249999999999 0.152546875
2 0.42712500000000003 0.19829687499999998 0.2015625 0.168015625
2 0.589859375 0.265046875 0.11185937500000001 0.109546875
2 0.15634375 0.020578125 0.307328125 0.04115625