1 0.24474999999999997 0.8093281250000001 0.26984375 0.242765625
1 0.5536875 0.753734375 0.21632812499999998 0.20034375
1 0.657046875 0.666890625 0.120359375 0.13825
2 0.16504687499999998 0.048265625 0.32921875 0.09653125
2 0.41931250000000003 0.2148125 0.24934375000000003 0.1456875
3 0.18915625 0.217046875 0.16312500000000002 0.223390625
3 0.4693125 0.350546875 0.095765625 0.09215625
3 0.587625 0.40278125 0.10203124999999999 0.098421875
2 0.574234375 0.2659375 0.16096875 0.111328125
1 0.9377187499999999 0.77784375 0.12454687499999999 0.16640625
0 0.35367187499999997 0.6490625 0.219875 0.527578125
0 0.5224375 0.5555 0.10023437500000001 0.171671875
3 0.21728125 0.5847187500000001 0.0533125 0.059640625