3 0.446875 0.1828125 0.1640625 0.1640625
3 0.60703125 0.33515625 0.153125 0.1296875
3 0.77265625 0.5328125 0.0359375 0.0453125
3 0.8359375 0.5390625 0.028125 0.0359375
10 0.40859375 0.22109375 0.05 0.0625
10 0.76796875 0.578125 0.0453125 0.059375
10 0.8421875 0.58515625 0.040625 0.0546875
10 0.3890625 0.2671875 0.1234375 0.2109375
10 0.54453125 0.371875 0.1140625 0.1234375
9 0.42265625 0.2375 0.1828125 0.2875
9 0.5875 0.35 0.146875 0.15
9 0.5453125 0.353125 0.234375 0.159375
9 0.77734375 0.58125 0.05 0.13125