3 0.2765625 0.071875 0.159375 0.134375
10 0.24765625 0.29453125 0.16875 0.296875
3 0.8484375 0.16328125 0.303125 0.303125
10 0.80546875 0.4453125 0.3890625 0.275
1 0.31328125 0.6109375 0.053125 0.028125
3 0.803125 0.76953125 0.38125 0.3328125
1 0.834375 0.66875 0.29375 0.134375
9 0.80546875 0.29140625 0.3890625 0.578125
9 0.2203125 0.2921875 0.29375 0.584375
9 0.27578125 0.784375 0.1453125 0.3890625
9 0.3859375 0.740625 0.1234375 0.303125
0 0.743609375 0.129265625 0.09232812500000001 0.22726562499999997