3 0.1171875 0.1328125 0.1484375 0.15
3 0.0953125 0.58984375 0.065625 0.06875
3 0.18046875 0.59609375 0.071875 0.0609375
3 0.3140625 0.80546875 0.0609375 0.09375
3 0.39609375 0.846875 0.075 0.1125
9 0.8296875 0.80546875 0.3390625 0.3859375
9 0.30546875 0.87109375 0.115625 0.2390625
9 0.08046875 0.765625 0.140625 0.4296875
9 0.3765625 0.9125 0.1328125 0.1703125
9 0.165625 0.7109375 0.0890625 0.3046875
9 0.12890625 0.30859375 0.25625 0.5015625
9 0.60078125 0.8125 0.190625 0.3640625
9 0.01875 0.76328125 0.0375 0.428125
9 0.83125 0.7609375 0.0578125 0.0765625