3 0.75078125 0.671875 0.05625 0.09375
3 0.925 0.71171875 0.0609375 0.0828125
3 0.63671875 0.0265625 0.01875 0.040625
10 0.69375 0.7890625 0.6859375 0.8640625 0.728125 0.871875 0.75 0.8671875 0.7671875 0.825 0.765625 0.8078125 0.771875 0.8015625 0.759375 0.7890625 0.7546875 0.7203125 0.73125 0.69375 0.7203125 0.7 0.7078125 0.7234375
10 0.728125 0.78515625 0.0828125 0.190625
10 0.9125 0.834375 0.0984375 0.18125
10 0.63984375 0.0734375 0.040625 0.0609375
10 0.56484375 0.04375 0.0359375 0.059375
10 0.3515625 0.025 0.2265625 0.05
9 0.746875 0.81796875 0.140625 0.3625
9 0.9078125 0.83203125 0.0984375 0.334375
9 0.3140625 0.7109375 0.290625 0.5765625
9 0.5640625 0.05703125 0.0546875 0.1109375
9 0.6359375 0.06484375 0.0484375 0.11875
9 0.63828125 0.06953125 0.046875 0.0875
9 0.55703125 0.07109375 0.0390625 0.08125
3 0.9046875 0.684375 0.9046875 0.6921875 0.946875 0.7125 0.9484375 0.6875 0.9375 0.66875 0.9203125 0.6671875
3 0.7265625 0.6609375 0.728125 0.6796875 0.7765625 0.675 0.759375 0.6375 0.7390625 0.6390625
10 0.871875 0.84375 0.8671875 0.8953125 0.8921875 0.9140625 0.91875 0.9203125 0.928125 0.9078125 0.928125 0.878125 0.9390625 0.871875 0.940625 0.8625 0.9390625 0.840625 0.9265625 0.834375 0.925 0.8265625 0.925 0.790625 0.9421875 0.7625 0.9375 0.753125 0.9 0.7578125 0.89375 0.7640625