3 0.0515625 0.2765625 0.103125 0.171875
3 0.14609375 0.7171875 0.0765625 0.078125
3 0.2296875 0.69453125 0.0796875 0.0734375
3 0.4234375 0.84921875 0.0765625 0.1015625
3 0.5140625 0.86171875 0.09375 0.121875
10 0.61171875 0.66875 0.096875 0.1453125
10 0.10234375 0.49296875 0.2046875 0.3359375
10 0.446875 0.94375 0.103125 0.1125
10 0.53671875 0.95078125 0.0984375 0.0984375
10 0.17890625 0.86171875 0.1296875 0.24375
10 0.259375 0.8484375 0.115625 0.2375
10 0.559375 0.2578125 0.315625 0.515625
9 0.53359375 0.90234375 0.1375 0.19375
9 0.44140625 0.8953125 0.0796875 0.209375
9 0.24765625 0.828125 0.1203125 0.34375
9 0.13515625 0.4578125 0.2703125 0.50625
9 0.60625 0.8015625 0.146875 0.3953125
9 0.1765625 0.84140625 0.1609375 0.315625
9 0.8703125 0.725 0.2578125 0.5453125
9 0.50625 0.9 0.1921875 0.1984375