3 0.13671875 0.0109375 0.0984375 0.021875
10 0.09453125 0.20234375 0.1109375 0.215625
10 0.834375 0.40703125 0.33125 0.4140625
3 0.9109375 0.17109375 0.178125 0.1765625
3 0.746875 0.77578125 0.465625 0.4484375
9 0.046875 0.82421875 0.0921875 0.1703125
9 0.1359375 0.55625 0.0734375 0.1375
9 0.79921875 0.5203125 0.4 0.9546875
9 0.321875 0.7 0.0859375 0.2046875
0 0.67471875 0.73721875 0.11364062500000001 0.230109375
5 0.80184375 0.776984375 0.27414062499999997 0.18465625000000002
6 0.930390625 0.154828125 0.133515625 0.11079687499999999
3 0.6796875 0.5921875 0.678125 0.60625 0.6859375 0.6203125 0.7328125 0.65 0.9546875 0.734375 0.978125 0.640625 0.7046875 0.571875 0.684375 0.5703125