3 0.34609375 0.3328125 0.2328125 0.2234375
1 0.3625 0.2828125 0.0484375 0.075
10 0.13828125 0.33046875 0.2578125 0.26875
3 0.21640625 0.615625 0.121875 0.1296875
10 0.19921875 0.7671875 0.2078125 0.1890625
3 0.7609375 0.86015625 0.0859375 0.115625
10 0.7484375 0.9515625 0.1125 0.096875
9 0.184375 0.76640625 0.2640625 0.4359375
9 0.7609375 0.30703125 0.4734375 0.5828125
9 0.7328125 0.94375 0.053125 0.1109375
9 0.7625 0.87265625 0.0609375 0.1375
8 0.787109375 0.376671875 0.42576562500000004 0.420015625
5 0.828125 0.058234375000000005 0.09090625 0.0681875