9 0.28359375 0.12109375 0.5671875 0.2421875
3 0.46015625 0.12578125 0.2515625 0.2484375
10 0.2265625 0.0921875 0.309375 0.184375
9 0.1203125 0.640625 0.1171875 0.284375
3 0.13984375 0.54921875 0.0640625 0.08125
9 0.3140625 0.8171875 0.1734375 0.234375
3 0.33828125 0.75546875 0.0640625 0.0796875
3 0.01875 0.740625 0.0375 0.090625
10 0.11640625 0.66171875 0.1359375 0.1703125
10 0.2765625 0.77421875 0.1046875 0.1078125
9 0.6484375 0.6984375 0.3875 0.5921875
10 0.66328125 0.65625 0.3671875 0.3140625