3 0.21484375 0.234375 0.4296875 0.46875
3 0.05 0.5390625 0.1 0.140625
3 0.37109375 0.52734375 0.1171875 0.1171875
10 0.08828125 0.846875 0.1765625 0.30625
10 0.35546875 0.8359375 0.1484375 0.328125
1 0.36953125 0.5765625 0.1203125 0.09375
1 0.04609375 0.59609375 0.0921875 0.0984375
3 0.7984375 0.6375 0.365625 0.325
9 0.76875 0.7421875 0.4625 0.5125
9 0.2140625 0.2484375 0.4265625 0.425
9 0.31171875 0.7359375 0.2390625 0.528125
9 0.0875 0.73515625 0.1734375 0.5296875
9 0.68671875 0.2234375 0.5125 0.446875
9 0.59140625 0.22578125 0.3234375 0.4515625