3 0.21875 0.23359375 0.4375 0.4671875
3 0.05 0.53046875 0.1 0.1421875
3 0.3703125 0.525 0.11875 0.11875
10 0.0859375 0.8390625 0.171875 0.309375
10 0.35 0.83359375 0.1546875 0.33125
1 0.36796875 0.57421875 0.121875 0.0953125
1 0.0453125 0.5875 0.090625 0.1
3 0.79609375 0.64296875 0.371875 0.33125
9 0.76328125 0.74453125 0.4640625 0.509375
9 0.084375 0.7234375 0.1671875 0.5234375
9 0.35546875 0.72734375 0.1453125 0.51875
3 0.0078125 0.140625 0.0078125 0.2875 0.375 0.2640625 0.390625 0.265625 0.4078125 0.2796875 0.4109375 0.290625 0.43125 0.2828125 0.43125 0.240625 0.4203125 0.2203125 0.375 0.178125 0.3375 0.1296875 0.28125 0.090625 0.215625 0.0625 0.1890625 0.0359375 0.1328125 0.0375 0.0859375 0.059375 0.0125 0.075
3 0.6265625 0.66875 0.628125 0.7109375 0.65 0.7265625 0.6796875 0.7328125 0.8140625 0.73125 0.89375 0.725 0.9203125 0.7171875 0.9453125 0.7015625 0.9703125 0.653125 0.95 0.625 0.9375 0.5671875 0.921875 0.5421875 0.8796875 0.515625 0.796875 0.4890625 0.75 0.5046875 0.6984375 0.53125 0.6703125 0.5546875 0.65625 0.575 0.646875 0.6296875
5 0.808234375 0.77059375 0.201703125 0.06392187499999999