3 0.70078125 0.52265625 0.30625 0.0671875
3 0.41875 0.53671875 0.1859375 0.078125
9 0.73671875 0.74609375 0.4125 0.5046875
9 0.43828125 0.7453125 0.1453125 0.509375
9 0.35703125 0.35546875 0.2109375 0.2484375
9 0.35546875 0.3171875 0.2109375 0.1734375
0 0.681109375 0.8515625 0.14346874999999998 0.1661875
6 0.725140625 0.665484375 0.282671875 0.26846875
6 0.467328125 0.585234375 0.0880625 0.07954687499999999
7 0.34943749999999996 0.253546875 0.073859375 0.0411875
6 0.36007812499999997 0.25851562499999997 0.07528125 0.053984374999999994