9 0.9078125 0.57890625 0.1140625 0.421875
9 0.52734375 0.51953125 0.2 0.6484375
9 0.68984375 0.5421875 0.1484375 0.559375
9 0.8109375 0.57734375 0.1140625 0.45
9 0.31796875 0.50625 0.1921875 0.7515625
7 0.33381249999999996 0.1484375 0.053984374999999994 0.038359375
6 0.3359375 0.154125 0.055390625000000006 0.0411875
7 0.5546875 0.217328125 0.055390625000000006 0.03409375
6 0.55184375 0.21023437500000003 0.055390625000000006 0.042609375
7 0.694609375 0.28054687500000003 0.0369375 0.026984374999999998
6 0.69246875 0.28054687500000003 0.035515625 0.035515625
7 0.808234375 0.36648437500000003 0.039765625 0.0255625
6 0.80965625 0.36434375 0.042609375 0.032671875
7 0.921875 0.386359375 0.03409375 0.022734375
6 0.921875 0.38778125 0.03409375 0.02840625