9 0.80859375 0.73671875 0.3828125 0.5234375
9 0.21328125 0.23046875 0.4265625 0.4609375
9 0.221875 0.7359375 0.4171875 0.528125
6 0.1150625 0.0525625 0.21875 0.0994375
5 0.1193125 0.0681875 0.170453125 0.0625
6 0.779125 0.545453125 0.1661875 0.142046875
5 0.761359375 0.546171875 0.11079687499999999 0.069609375
4 0.8451718749999999 0.563921875 0.03409375 0.09375
4 0.215203125 0.078125 0.029828125 0.11079687499999999
6 0.279828125 0.537640625 0.1619375 0.12357812500000001
8 0.8295468749999999 0.76846875 0.33523437500000003 0.267046875
8 0.296875 0.816046875 0.28693749999999996 0.36789062499999997
8 0.21378124999999998 0.36150000000000004 0.41335937500000003 0.194609375