9 0.10859375 0.73515625 0.2171875 0.521875
9 0.55703125 0.4515625 0.2734375 0.828125
9 0.23359375 0.64765625 0.1953125 0.496875
9 0.72578125 0.3703125 0.190625 0.5515625
9 0.9 0.3703125 0.0390625 0.178125
9 0.3234375 0.5875 0.1625 0.453125
9 0.97734375 0.33671875 0.028125 0.103125
9 0.9546875 0.34765625 0.028125 0.0984375
9 0.93046875 0.35546875 0.034375 0.115625
9 0.83828125 0.38671875 0.059375 0.2828125
9 0.3921875 0.6015625 0.09375 0.41875
9 0.81953125 0.37890625 0.090625 0.35
9 0.8453125 0.35546875 0.046875 0.2078125
6 0.540484375 0.05753125 0.066765625 0.0724375
6 0.08025 0.529125 0.09232812500000001 0.10653125000000001
6 0.183953125 0.43253125 0.09232812500000001 0.0724375
6 0.29190625 0.38849999999999996 0.069609375 0.061078125000000004
6 0.660515625 0.116484375 0.051140624999999995 0.045453125
6 0.602984375 0.09871875 0.046875 0.046875
6 0.7556875 0.196015625 0.02840625 0.0255625
5 0.30184375 0.41193749999999996 0.04403125 0.022734375
5 0.1150625 0.553984375 0.048296875 0.0255625
5 0.209515625 0.46378125 0.055390625000000006 0.032671875