3 0.7671875 0.24765625 0.140625 0.10625
3 0.59453125 0.246875 0.0984375 0.1265625
3 0.6875 0.70859375 0.084375 0.1609375
3 0.9734375 0.73203125 0.053125 0.165625
10 0.8046875 0.421875 0.2328125 0.2046875
10 0.60625 0.3921875 0.1140625 0.165625
10 0.65703125 0.88359375 0.1234375 0.2328125
10 0.94296875 0.8890625 0.1140625 0.215625
9 0.65078125 0.81796875 0.2 0.3640625
9 0.9015625 0.815625 0.1953125 0.3671875
9 0.62578125 0.4015625 0.15 0.4390625
9 0.8296875 0.4046875 0.3375 0.4265625
9 0.76953125 0.40546875 0.2390625 0.4296875