3 0.3578125 0.12578125 0.078125 0.1203125
3 0.6 0.08515625 0.0796875 0.140625
3 0.5546875 0.14140625 0.059375 0.1078125
3 0.48515625 0.19140625 0.0453125 0.1140625
1 0.4875 0.21328125 0.034375 0.0296875
1 0.55546875 0.159375 0.040625 0.0484375
1 0.371875 0.14453125 0.0375 0.05
1 0.5796875 0.0984375 0.0265625 0.046875
10 0.325 0.30859375 0.159375 0.2984375
10 0.640625 0.321875 0.134375 0.325
10 0.4703125 0.328125 0.1171875 0.2046875
9 0.32734375 0.42890625 0.203125 0.7484375
9 0.4734375 0.39140625 0.125 0.503125
9 0.62578125 0.41875 0.1765625 0.8109375