9 0.834375 0.57109375 0.328125 0.8546875
9 0.13203125 0.56875 0.2625 0.859375
9 0.58828125 0.5640625 0.2609375 0.871875
9 0.3609375 0.56875 0.2671875 0.8546875
6 0.49375 0.2203125 0.4921875 0.246875 0.5046875 0.315625 0.5170454545454545 0.18465909090909088 0.6178977272727272 0.24857954545454541 0.6109375 0.3 0.61875 0.3265625 0.6359375 0.3125 0.6515625 0.259375 0.65 0.2265625 0.6296875 0.15625 0.6078125 0.1296875 0.584375 0.125 0.5265625 0.1484375 0.5015625 0.184375
6 0.7015625 0.3421875 0.7015625 0.4125 0.709375 0.4359375 0.7171875 0.4375 0.728125 0.453125 0.7230113636363635 0.31676136363636365 0.7315340909090908 0.22017045454545459 0.7613636363636364 0.1846590909090909 0.8224431818181817 0.23295454545454547 0.84375 0.36647727272727276 0.8609375 0.425 0.8984375 0.3953125 0.890625 0.321875 0.8625 0.203125 0.8296875 0.15625 0.803125 0.1453125 0.7671875 0.15 0.7265625 0.1734375 0.7078125 0.2484375
6 0.275 0.259375 0.2734375 0.3609375 0.3203125 0.359375 0.334375 0.3328125 0.31960227272727265 0.24573863636363638 0.3522727272727272 0.16619318181818182 0.39772727272727265 0.16761363636363638 0.4318181818181818 0.2400568181818182 0.40625 0.3234375 0.4140625 0.365625 0.4390625 0.4078125 0.45 0.4125 0.4671875 0.3953125 0.4734375 0.3515625 0.46875 0.2265625 0.4296875 0.15 0.396875 0.10625 0.3703125 0.103125 0.35 0.1125 0.3125 0.15625 0.3015625 0.18125 0.2984375 0.2078125
6 0.09375 0.321875 0.0890625 0.4015625 0.109375 0.4578125 0.1140625 0.459375 0.1296875 0.4390625 0.1328125 0.409375 0.13352272727272743 0.28125 0.14772727272727285 0.22301136363636367 0.21164772727272735 0.18607954545454547 0.24005681818181834 0.21732954545454547 0.24431818181818202 0.26136363636363635 0.23579545454545467 0.34090909090909094 0.20454545454545467 0.3849431818181818 0.1953125 0.43125 0.2296875 0.465625 0.23125 0.5109375 0.2390625 0.5265625 0.2546875 0.471875 0.2671875 0.3625 0.2671875 0.2625 0.25625 0.196875 0.2390625 0.1671875 0.2125 0.1453125 0.1921875 0.1375 0.1609375 0.1453125 0.1234375 0.18125 0.1 0.259375
8 0.0125 0.4046875 0 0.4140625 0 0.471875 0.0140625 0.4796875 0.0484375 0.5640625 0.0296875 0.6140625 0 0.74375 0.0078125 0.9125 0.0234375 0.9890625 0.028125 0.9984375 0.1796875 0.9984375 0.19375 0.99375 0.2234375 0.9640625 0.2296875 0.94375 0.221875 0.80625 0.2421875 0.6234375 0.2359375 0.5453125 0.21875 0.465625 0.2078125 0.446875 0.1875 0.4375 0.1875 0.4734375 0.2046875 0.5015625 0.2046875 0.521875 0.19375 0.5484375 0.1828125 0.559375 0.1703125 0.5578125 0.1484375 0.54375 0.1125 0.4875 0.1109375 0.465625 0.078125 0.390625 0.04375 0.3875
8 0.2546875 0.49375 0.2265625 0.8078125 0.2359375 0.9265625 0.234375 0.9984375 0.453125 0.9984375 0.459375 0.9890625 0.453125 0.9671875 0.459375 0.828125 0.4484375 0.603125 0.4671875 0.521875 0.4703125 0.4546875 0.4796875 0.4109375 0.471875 0.4015625 0.4609375 0.4 0.44375 0.415625 0.4140625 0.3765625 0.396875 0.4140625 0.365625 0.440625 0.3171875 0.3703125 0.2734375 0.3703125 0.265625 0.3953125
8 0.459375 0.73125 0.459375 0.9515625 0.4625 0.9703125 0.48125 0.9984375 0.703125 0.9984375 0.7140625 0.990625 0.725 0.9390625 0.6890625 0.7890625 0.6703125 0.7640625 0.6828125 0.690625 0.690625 0.5875 0.7078125 0.58125 0.7140625 0.553125 0.7140625 0.509375 0.7 0.45625 0.6984375 0.4265625 0.6859375 0.409375 0.65625 0.4 0.65625 0.4265625 0.628125 0.503125 0.621875 0.515625 0.590625 0.53125 0.534375 0.5296875 0.5109375 0.5234375 0.4984375 0.5015625 0.5125 0.4828125 0.51875 0.4546875 0.5375 0.45 0.5453125 0.4046875 0.5 0.4328125 0.49375 0.4875 0.4703125 0.5859375 0.46875 0.621875 0.4796875 0.6609375 0.4640625 0.7
8 0.715625 0.565625 0.7140625 0.6140625 0.7171875 0.6421875 0.73125 0.68125 0.7375 0.809375 0.7375 0.8447916666666666 0.7296875 0.8765625 0.73125 0.9328125 0.740625 0.9671875 0.7484375 0.9734375 0.7453125 0.9875 0.7578125 0.9984375 0.9921875 0.9984375 0.990625 0.9171875 0.965625 0.859375 0.9734375 0.8296875 0.9765625 0.7734375 0.9875 0.759375 0.9890625 0.553125 0.9828125 0.49375 0.9546875 0.4171875 0.9296875 0.3984375 0.9046875 0.3953125 0.884375 0.403125 0.84375 0.4515625 0.8234375 0.4875 0.80625 0.4890625 0.7640625 0.515625 0.74375 0.503125 0.734375 0.5140625
5 0.776984375 0.26775000000000004 0.0880625 0.058234375000000005
5 0.5546875 0.25212500000000004 0.1036875 0.04971875
5 0.375 0.22940624999999998 0.102265625 0.04971875
5 0.19034374999999998 0.25710937500000003 0.0994375 0.05965625
7 0.188921875 0.181109375 0.1193125 0.0838125
7 0.375 0.1619375 0.142046875 0.10795312500000001
7 0.5703125 0.17471874999999998 0.14346874999999998 0.09659375
7 0.788359375 0.196734375 0.142046875 0.0838125