1 0.31640625 0.084375 0.059375 0.040625
1 0.2328125 0.059375 0.0390625 0.053125
1 0.021875 0.1625 0.04375 0.04375
1 0.11640625 0.553125 0.2328125 0.1375
10 0.24375 0.1265625 0.05 0.090625
10 0.33046875 0.175 0.040625 0.1140625
10 0.065625 0.240625 0.0765625 0.0953125
1 0.8703125 0.70390625 0.259375 0.1609375
3 0.8328125 0.5453125 0.334375 0.2125
9 0.05546875 0.24765625 0.10625 0.2203125
9 0.2453125 0.14453125 0.075 0.221875
9 0.33046875 0.2125 0.0890625 0.2953125
9 0.56796875 0.0359375 0.0796875 0.071875