9 0.4703125 0.5453125 0.284375 0.8328125
9 0.46484375 0.28125 0.15 0.2953125
9 0.3953125 0.5375 0.465625 0.8984375
9 0.1546875 0.42734375 0.2734375 0.753125
9 0.62421875 0.44765625 0.2484375 0.7484375
9 0.475 0.471875 0.2328125 0.68125
6 0.26875 0.25 0.265625 0.259375 0.3140625 0.2640625 0.3234375 0.2515625 0.3421875 0.1953125 0.378125 0.1734375 0.3953125 0.1796875 0.4046875 0.1953125 0.4046875 0.2171875 0.3984375 0.225 0.4125 0.215625 0.4140625 0.1484375 0.3875 0.1140625 0.365625 0.1046875 0.3453125 0.11875 0.3046875 0.2171875 0.2765625 0.2484375
6 0.171875 0.0984375 0.1703125 0.1578125 0.1859375 0.165625 0.1953125 0.1859375 0.2109375 0.1609375 0.2671875 0.153125 0.2671875 0.09375 0.225 0.04375 0.2078125 0.04375 0.1859375 0.059375
6 0.3765625 0.3109375 0.3796875 0.3515625 0.3859375 0.3328125 0.3875 0.28125 0.3796875 0.2828125
6 0.4109375 0.25 0.4046875 0.2890625 0.4140625 0.3265625 0.4078125 0.3375 0.4078125 0.365625 0.4234375 0.3734375 0.4359375 0.3578125 0.4375 0.34375 0.4359375 0.2828125 0.421875 0.2390625 0.4546875 0.2046875 0.4734375 0.2109375 0.496875 0.2390625 0.5078125 0.215625 0.4984375 0.1640625 0.471875 0.134375 0.446875 0.1359375 0.434375 0.15 0.4234375 0.1765625 0.421875 0.215625
6 0.584375 0.1328125 0.5828125 0.15625 0.6078125 0.146875 0.621875 0.1671875 0.6453125 0.184375 0.6421875 0.215625 0.6671875 0.1828125 0.6765625 0.1484375 0.6734375 0.1078125 0.6578125 0.0796875 0.646875 0.071875 0.625 0.071875 0.60625 0.0796875
5 0.230671875 0.18996875 0.06990625 0.032890625
5 0.3671875 0.211765625 0.06825 0.040296874999999996
5 0.46545312499999997 0.24548437500000003 0.07071875 0.027140625
5 0.612671875 0.190796875 0.0625 0.0625