3 0.73515625 0.04375 0.0546875 0.0515625
3 0.54375 0.02109375 0.046875 0.040625
3 0.8078125 0.7703125 0.034375 0.0578125
10 0.728125 0.203125 0.075 0.1875
10 0.2609375 0.23046875 0.4984375 0.4328125
10 0.6875 0.76953125 0.115625 0.0828125
10 0.54453125 0.16875 0.0515625 0.18125
9 0.7171875 0.2296875 0.0984375 0.434375
9 0.565625 0.22265625 0.09375 0.4453125
9 0.18046875 0.725 0.359375 0.5484375
9 0.42578125 0.725 0.278125 0.546875
9 0.90234375 0.2203125 0.19375 0.4390625
9 0.55546875 0.24609375 0.071875 0.4125