3 0.62578125 0.01640625 0.0640625 0.0328125
10 0.0046875 0.1046875 0 0.1078125 0 0.328125 0.0125 0.3828125 0.00625 0.4734375 0.0140625 0.4890625 0.0375 0.503125 0.053125 0.546875 0.5046875 0.4453125 0.434375 0.11875 0.3984375 0.0140625
3 0.43515625 0.02421875 0.0546875 0.0484375
3 0.8609375 0.69453125 0.0453125 0.0625
10 0.65546875 0.159375 0.115625 0.1984375
10 0.2484375 0.290625 0.496875 0.534375
10 0.684375 0.6890625 0.6890625 0.725 0.7015625 0.7421875 0.6984375 0.753125 0.7078125 0.765625 0.7890625 0.7421875 0.809375 0.721875 0.8140625 0.7 0.8046875 0.6828125 0.7828125 0.675 0.7015625 0.68125
10 0.74296875 0.7203125 0.13125 0.10625
10 0.46875 0.1671875 0.0921875 0.1875
10 0.6140625 0.065625 0.609375 0.09375 0.6125 0.178125 0.6234375 0.228125 0.6390625 0.2390625 0.6828125 0.24375 0.6921875 0.2265625 0.6890625 0.1640625 0.6765625 0.165625 0.665625 0.1796875 0.653125 0.1765625 0.64375 0.1578125 0.659375 0.1359375 0.6515625 0.10625 0.653125 0.08125 0.665625 0.0734375 0.6421875 0.0453125
9 0.64140625 0.09296875 0.0984375 0.1765625
9 0.23828125 0.75703125 0.4484375 0.484375