3 0.7828125 0.25546875 0.3046875 0.5109375
3 0.1921875 0.66015625 0.071875 0.05625
3 0.0515625 0.60546875 0.0703125 0.090625
1 0.63046875 0.4484375 0.078125 0.1375
10 0.2140625 0.88203125 0.096875 0.215625
10 0.0375 0.85 0.065625 0.29375
1 0.19453125 0.72578125 0.0671875 0.028125
9 0.278125 0.26171875 0.25625 0.5234375
9 0.67734375 0.66484375 0.115625 0.2640625
9 0.75625 0.65234375 0.10625 0.24375
9 0.91484375 0.68359375 0.121875 0.3046875
9 0.03984375 0.77578125 0.0796875 0.4453125
9 0.1953125 0.81015625 0.1796875 0.378125
9 0.4578125 0.365625 0.1171875 0.309375
9 0.15546875 0.81171875 0.2625 0.3765625