9 0.49803059895833335 0.3432573529411765 0.20048828124999998 0.34239705882352944
2 0.48046875 0.22745098039215686 0.4781901041666667 0.23627450980392156 0.4736328125 0.23995098039215687 0.4759114583333333 0.24338235294117647 0.486328125 0.2485294117647059 0.5065104166666666 0.24901960784313726 0.5133463541666666 0.24705882352941178 0.5364583333333334 0.2446078431372549 0.5400390625 0.24338235294117647 0.5452473958333334 0.24387254901960784 0.5611979166666666 0.24191176470588235 0.5732421875 0.2372549019607843 0.5810546875 0.23259803921568628 0.5836588541666666 0.22916666666666666 0.5836588541666666 0.22450980392156863 0.5813802083333334 0.22009803921568627 0.5764973958333334 0.21544117647058825 0.5638020833333334 0.20784313725490197 0.5520833333333334 0.20294117647058824 0.5445963541666666 0.20098039215686275 0.529296875 0.2 0.509765625 0.2034313725490196 0.4986979166666667 0.20833333333333334 0.4879557291666667 0.21715686274509804
2 0.5309114583333333 0.22000980392156863 0.10348958333333334 0.0713921568627451
9 0.8014322916666666 0.6276960784313725 0.3971354166666667 0.7446078431372549
2 0.7200520833333334 0.28284313725490196 0.7161458333333334 0.2950980392156863 0.7190755208333334 0.30049019607843136 0.7203776041666666 0.30686274509803924 0.72265625 0.31200980392156863 0.7320963541666666 0.3161764705882353 0.7405598958333334 0.3122549019607843 0.7516276041666666 0.30269607843137253 0.7587890625 0.2980392156862745 0.7711588541666666 0.29558823529411765 0.7867838541666666 0.29068627450980394 0.7981770833333334 0.2894607843137255 0.8154296875 0.2899509803921569 0.8307291666666666 0.29411764705882354 0.833984375 0.29705882352941176 0.8479817708333334 0.3012254901960784 0.8567708333333334 0.3053921568627451 0.8629557291666666 0.31004901960784315 0.8642578125 0.31299019607843137 0.8688151041666666 0.31495098039215685 0.873046875 0.3125 0.8759765625 0.30661764705882355 0.8763020833333334 0.2946078431372549 0.8688151041666666 0.2752450980392157 0.8619791666666666 0.26887254901960783 0.8372395833333334 0.2612745098039216 0.8138020833333334 0.2607843137254902 0.796875 0.2563725490196078 0.7880859375 0.257843137254902 0.7744140625 0.25759803921568625 0.7652994791666666 0.2607843137254902 0.751953125 0.26323529411764707 0.7434895833333334 0.26887254901960783 0.7268880208333334 0.275
2 0.8003938802083334 0.2898529411764706 0.14766276041666668 0.06892156862745098
9 0.9348958333333334 0.2979338235294117 0.13020833333333334 0.15861274509803922
2 0.8782552083333334 0.2517156862745098 0.8779296875 0.25588235294117645 0.8844401041666666 0.266421568627451 0.8929036458333334 0.26715686274509803 0.9049479166666666 0.27205882352941174 0.9117838541666666 0.2735294117647059 0.9290364583333334 0.2740196078431373 0.9397786458333334 0.27328431372549017 0.9430338541666666 0.2740196078431373 0.947265625 0.27769607843137256 0.9576822916666666 0.2713235294117647 0.9625651041666666 0.2639705882352941 0.9622395833333334 0.2593137254901961 0.955078125 0.24754901960784315 0.9352213541666666 0.23848039215686276 0.9163411458333334 0.23431372549019608 0.9078776041666666 0.23455882352941176 0.896484375 0.23799019607843136 0.8854166666666666 0.24387254901960784 0.8802083333333334 0.24779411764705883
2 0.9211458333333334 0.25456617647058827 0.08317708333333333 0.05716911764705882
9 0.6132454427083334 0.6460784313725491 0.24079752604166668 0.707843137254902
2 0.6070963541666666 0.358578431372549 0.6067708333333334 0.3700980392156863 0.6110026041666666 0.38872549019607844 0.6188151041666666 0.39338235294117646 0.6240234375 0.3909313725490196 0.6266276041666666 0.39191176470588235 0.6305338541666666 0.39166666666666666 0.63671875 0.3840686274509804 0.6461588541666666 0.382843137254902 0.6497395833333334 0.37892156862745097 0.6549479166666666 0.3762254901960784 0.6585286458333334 0.3730392156862745 0.6591796875 0.36936274509803924 0.6630859375 0.3620098039215686 0.6666666666666666 0.35980392156862745 0.671875 0.3588235294117647 0.6839192708333334 0.346078431372549 0.6897786458333334 0.3428921568627451 0.6956380208333334 0.3375 0.7024739583333334 0.3338235294117647 0.705078125 0.32941176470588235 0.7102864583333334 0.32745098039215687 0.716796875 0.32009803921568625 0.7203776041666666 0.3125 0.7190755208333334 0.3029411764705882 0.7161458333333334 0.2977941176470588 0.7067057291666666 0.2946078431372549 0.693359375 0.2926470588235294 0.6754557291666666 0.29215686274509806 0.6591796875 0.29387254901960785 0.6539713541666666 0.2931372549019608 0.6383463541666666 0.3 0.6302083333333334 0.3058823529411765 0.623046875 0.31470588235294117 0.6188151041666666 0.3235294117647059 0.6129557291666666 0.34362745098039216
4 0.5368742008259154 0.2600427356927146 0.5401760101790883 0.26551208577420565 0.55338324759178 0.2630260175553461 0.5573454188155874 0.2550705992549953 0.5520833333333334 0.2428921568627451 0.5445963541666666 0.2443627450980392 0.5416666666666666 0.2468137254901961