0 0.2157421875 0.3320441176470588 0.019485677083333333 0.02480392156862745
2 0.18929622395833334 0.3182448529411765 0.18187304687500003 0.31335416666666666 0.19347200520833333 0.3070661764705882 0.21156640625 0.30042867647058824 0.22873307291666667 0.3007779411764706 0.2445078125 0.3088127450980392 0.25053906249999996 0.3196421568627451 0.24636360677083333 0.32488210784313726 0.22873307291666667 0.3199914215686275 0.20553483072916667 0.3185941176470588
2 0.4491145833333334 0.3021754901960784 0.47741634114583337 0.3123061274509804 0.49272721354166665 0.32977279411764704 0.5015423177083334 0.32069019607843136 0.4973668619791667 0.305319362745098 0.48483984375000005 0.29833259803921564 0.4597858072916667 0.29029803921568625 0.44308333333333333 0.29204460784313724 0.41988509114583333 0.29833259803921564 0.4068942057291667 0.3102100490196078 0.4166373697916667 0.3269781862745098 0.4194212239583333 0.3095115196078431 0.44308333333333333 0.3025247549019608
2 0.5316998697916667 0.3185941176470588 0.5284521484375 0.31195686274509804 0.528916015625 0.3088127450980392 0.5460826822916667 0.3070661764705882 0.5623212890625 0.3102100490196078 0.5697447916666667 0.3171968137254902 0.5725283203125 0.3273274509803922 0.5600016276041667 0.32767696078431374 0.5465465494791667 0.32488210784313726
2 0.6457529296875 0.31440686274509805 0.66335546875 0.3026257352941176 0.6871513671875 0.30851642156862746 0.7024723307291666 0.31244338235294117 0.7168151041666667 0.3109708333333333 0.7096435546875001 0.2950171568627451 0.6923671875 0.28642696078431373 0.6767203776041667 0.2842178921568627 0.6597698567708333 0.2888813725490196 0.6512942708333334 0.296244362745098
2 0.7266162109375 0.26583700980392155 0.7518974609375001 0.2740419117647059 0.7745634765624999 0.2753546568627451 0.7933063151041666 0.2812622549019608 0.7972291666666668 0.29537450980392155 0.8028958333333334 0.28093406862745096 0.8107415364583334 0.2609142156862745 0.7976650390625001 0.24023799019607844 0.7745634765624999 0.23367401960784315 0.73794921875 0.2382688725490196 0.7305393880208334 0.2533656862745098
1 0.6573209635416667 0.3193799019607843 0.02799153645833333 0.01053921568627451
1 0.534423828125 0.32548039215686275 0.020380859375 0.007950980392156862
10 0.171875 0.4424019607843137 0.17350260416666666 0.4465686274509804 0.18522135416666666 0.4485294117647059 0.18977864583333334 0.44779411764705884 0.20247395833333334 0.4485294117647059 0.21256510416666666 0.442156862745098 0.2255859375 0.4426470588235294 0.22786458333333334 0.44362745098039214 0.228515625 0.44730392156862747 0.23470052083333334 0.4588235294117647 0.2353515625 0.46397058823529413 0.2451171875 0.4818627450980392 0.2470703125 0.49387254901960786 0.24609375 0.5073529411764706 0.248046875 0.5240196078431373 0.25 0.5139705882352941 0.24934895833333334 0.5088235294117647 0.2506510416666667 0.5058823529411764 0.24967447916666666 0.495343137254902 0.2516276041666667 0.49240196078431375 0.25390625 0.49264705882352944 0.255859375 0.49436274509803924 0.2578125 0.4919117647058823 0.263671875 0.4892156862745098 0.2757161458333333 0.4892156862745098 0.2825520833333333 0.48799019607843136 0.3108723958333333 0.4877450980392157 0.3141276041666667 0.4860294117647059 0.3251953125 0.4857843137254902 0.3287760416666667 0.4877450980392157 0.3291015625 0.49411764705882355 0.3304036458333333 0.49411764705882355 0.3326822916666667 0.47818627450980394 0.3251953125 0.4470588235294118 0.3219401041666667 0.4387254901960784 0.3160807291666667 0.38995098039215687 0.3063151041666667 0.36519607843137253 0.298828125 0.3573529411764706 0.287109375 0.34877450980392155 0.2633463541666667 0.3399509803921569 0.2555338541666667 0.3377450980392157 0.24967447916666666 0.3416666666666667 0.23860677083333334 0.3639705882352941 0.23274739583333334 0.3659313725490196 0.22688802083333334 0.36470588235294116 0.22200520833333334 0.36666666666666664 0.21158854166666666 0.3803921568627451 0.20865885416666666 0.38848039215686275 0.208984375 0.3924019607843137 0.20345052083333334 0.4004901960784314 0.20149739583333334 0.4071078431372549 0.19661458333333334 0.4117647058823529 0.1923828125 0.4198529411764706 0.18782552083333334 0.4321078431372549 0.1875 0.4389705882352941 0.177734375 0.44191176470588234 0.17350260416666666 0.4406862745098039
10 0.5283203125 0.36519607843137253 0.5270182291666666 0.3767156862745098 0.5315755208333334 0.37941176470588234 0.541015625 0.38259803921568625 0.5458984375 0.3860294117647059 0.560546875 0.4036764705882353 0.5638020833333334 0.4007352941176471 0.5690104166666666 0.39166666666666666 0.5764973958333334 0.38480392156862747 0.5794270833333334 0.379656862745098 0.5875651041666666 0.37230392156862746 0.595703125 0.3681372549019608 0.5973307291666666 0.36519607843137253 0.59765625 0.3605392156862745 0.5966796875 0.3568627450980392 0.591796875 0.35024509803921566 0.583984375 0.34411764705882353 0.5696614583333334 0.3382352941176471 0.564453125 0.33308823529411763 0.5595703125 0.33308823529411763 0.5563151041666666 0.333578431372549 0.5504557291666666 0.33725490196078434 0.5472005208333334 0.34215686274509804 0.537109375 0.3475490196078431
1 0.750302734375 0.2885612745098039 0.06407552083333333 0.023085784313725488
5 0.45032226562500005 0.3308995098039216 0.05543619791666667 0.02056862745098039