2 0.5125 0.52578125 0.09375 0.125
2 0.18125 0.45703125 0.0890625 0.1109375
2 0.93984375 0.5619375 0.1203125 0.14175
2 0.0984375 0.4625 0.071875 0.06875
0 0.16704687499999998 0.727859375 0.135890625 0.40214062500000003
0 0.526453125 0.796609375 0.224359375 0.40037500000000004
0 0.87990625 0.829015625 0.2401875 0.34196875000000004
1 0.7106250000000001 0.898390625 0.08106250000000001 0.10392187500000001
0 0.84790625 0.52178125 0.106546875 0.16409374999999998
0 0.3576875 0.47824999999999995 0.06539062500000001 0.10112499999999999
0 0.042046875 0.6032656249999999 0.082296875 0.23690625