2 0.06015625 0.56640625 0.1203125 0.1328125
0 0.12553125 0.83459375 0.251078125 0.330796875
0 0.483375 0.8102656250000001 0.271234375 0.37946875
0 0.8215781249999999 0.7609375 0.191359375 0.478125
0 0.941078125 0.667125 0.11785937500000002 0.384265625
0 0.143828125 0.550359375 0.10375000000000001 0.24982812499999998
0 0.638078125 0.4923125 0.08328125 0.15515625
1 0.296296875 0.901734375 0.109578125 0.10795312500000001
5 0.6099375 0.512625 0.071671875 0.09309375
5 0.176875 0.368625 0.098390625 0.088125
7 0.6253437500000001 0.40434374999999995 0.044437500000000005 0.059578125