3 0.62734375 0.21328125 0.403125 0.328125
3 0.76875 0.584375 0.4625 0.35625
3 0.21953125 0.13046875 0.3515625 0.2609375
9 0.5015625 0.4984375 0.9796875 0.978125
9 0.3171875 0.48828125 0.60625 0.975
3 0.0875 0.0953125 0.0875 0.1109375 0.0953125 0.1140625 0.15 0.1109375 0.3203125 0.0765625 0.3296875 0.05625 0.3125 0.0625 0.309375 0.0546875 0.2109375 0.0140625 0.16875 0.0140625 0.1359375 0.03125
3 0.4515625 0.1359375 0.4546875 0.1734375 0.4671875 0.20625 0.440625 0.2484375 0.453125 0.265625 0.4890625 0.28125 0.534375 0.2875 0.5484375 0.2765625 0.5921875 0.2609375 0.728125 0.225 0.75625 0.20625 0.7640625 0.1828125 0.7640625 0.171875 0.7125 0.109375 0.671875 0.0828125 0.6296875 0.0703125 0.5703125 0.06875 0.528125 0.078125 0.4703125 0.1140625
3 0.5859375 0.4578125 0.5921875 0.50625 0.6515625 0.59375 0.690625 0.6296875 0.7921875 0.7015625 0.803125 0.7203125 0.8375 0.7390625 0.865625 0.7359375 0.878125 0.6828125 0.9390625 0.6546875 0.96875 0.61875 0.9765625 0.5984375 0.9765625 0.5765625 0.9578125 0.5296875 0.903125 0.478125 0.8546875 0.453125 0.803125 0.4375 0.7296875 0.4328125 0.6109375 0.4359375 0.5984375 0.440625
5 0.165625 0.16875 0.1609375 0.184375 0.1889204545454545 0.20170454545454541 0.24431818181818182 0.19886363636363633 0.2642045454545453 0.18039772727272724 0.2826704545454545 0.1818181818181818 0.3125 0.1946022727272727 0.3359375 0.184375 0.34375 0.1765625 0.353125 0.18125 0.3453125 0.153125 0.325 0.15 0.16875 0.1625
6 0.5421875 0.521875 0.5553977272727273 0.5511363636363636 0.5880681818181817 0.5752840909090909 0.6605113636363635 0.6278409090909091 0.703125 0.6747159090909092 0.746875 0.69375 0.7546875 0.684375 0.65625 0.6 0.61875 0.55 0.5828125 0.48125 0.5484375 0.5
4 0.5640625 0.5796875 0.5515625 0.5953125 0.5515625 0.6109375 0.5546875 0.625 0.571875 0.646875 0.5953125 0.6625 0.6359375 0.6625 0.6515625 0.653125 0.65625 0.6453125 0.65 0.6234375 0.6203125 0.590625 0.5875 0.575