9 0.46484375 0.5453125 0.090625 0.3453125
9 0.89609375 0.66171875 0.2046875 0.64375
9 0.61640625 0.61171875 0.1609375 0.459375
9 0.38828125 0.57734375 0.1515625 0.4125
9 0.25703125 0.62421875 0.15625 0.559375
3 0.46328125 0.39140625 0.0265625 0.0609375
3 0.38515625 0.409375 0.0578125 0.0796875
3 0.28125 0.3875 0.0671875 0.0921875
3 0.6171875 0.42734375 0.05625 0.084375
3 0.90859375 0.38984375 0.075 0.1015625
1 0.46484375 0.3953125 0.0265625 0.015625
1 0.3859375 0.4171875 0.0390625 0.0265625
1 0.609375 0.43515625 0.0328125 0.0171875
8 0.25703125 0.54375 0.128125 0.240625
8 0.34921875 0.51328125 0.0671875 0.190625
8 0.63125 0.534375 0.0984375 0.1671875
8 0.46171875 0.4890625 0.0671875 0.1390625
8 0.8984375 0.55625 0.178125 0.240625