9 0.85625 0.59140625 0.28125 0.45
9 0.29765625 0.72734375 0.3140625 0.5140625
9 0.58359375 0.65859375 0.2828125 0.4796875
9 0.90078125 0.43515625 0.1984375 0.3109375
9 0.65546875 0.515625 0.1671875 0.3390625
9 0.35625 0.58984375 0.1671875 0.2859375
9 0.7390625 0.3953125 0.0859375 0.2578125
9 0.64765625 0.34140625 0.1234375 0.275
9 0.9296875 0.34921875 0.1390625 0.2296875
9 0.10703125 0.55703125 0.171875 0.24375
9 0.0671875 0.75625 0.1328125 0.484375
9 0.1625 0.4046875 0.1015625 0.1453125
6 0.7484375 0.4203125 0.746875 0.4734375 0.759375 0.5328125 0.790625 0.5359375 0.8109375 0.45625 0.8421875 0.4578125 0.8484375 0.5 0.8453125 0.528125 0.853125 0.53125 0.8640625 0.5078125 0.8421875 0.4234375 0.8234375 0.3828125 0.803125 0.3640625 0.7796875 0.3609375 0.7609375 0.378125
6 0.471875 0.478125 0.4703125 0.553125 0.4765625 0.575 0.490625 0.6140625 0.5015625 0.625 0.5203125 0.6265625 0.521875 0.6109375 0.5109375 0.5703125 0.5056818181818183 0.5312499999999999 0.51875 0.4890625 0.5213068181818183 0.46448863636363635 0.5511363636363635 0.4517045454545454 0.5809659090909092 0.49005681818181807 0.5852272727272727 0.4730113636363636 0.5497159090909092 0.4204545454545455 0.5326704545454547 0.41619318181818177 0.5109375 0.4234375 0.4921875 0.43125
6 0.171875 0.50625 0.171875 0.5546875 0.1890625 0.6 0.1984375 0.5890625 0.215625 0.5875 0.2171875 0.525 0.2296875 0.5140625 0.2734375 0.515625 0.2640625 0.4875 0.246875 0.4734375 0.23125 0.471875 0.2 0.478125
6 0.1109375 0.640625 0.0953125 0.65625 0.0953125 0.665625 0.1265625 0.7203125 0.1328125 0.715625 0.1359375 0.696875 0.13125 0.6703125 0.121875 0.6453125
6 0.00625 0.5375 0.0046875 0.575 0.0515625 0.7546875 0.0734375 0.771875 0.0875 0.7953125 0.0953125 0.796875 0.1078125 0.790625 0.1078125 0.7640625 0.0984375 0.74375 0.078125 0.7390625 0.0765625 0.684375 0.059375 0.6421875 0.0359375 0.60625 0.028125 0.5765625 0.0328125 0.5640625 0.0296875 0.540625 0.0390625 0.525 0.0609375 0.5234375 0.0765625 0.5328125 0.0796875 0.55 0.0828125 0.54375 0.0609375 0.5109375 0.040625 0.5 0.0296875 0.5015625 0.0140625 0.515625
6 0.61875 0.2265625 0.61875 0.259375 0.628125 0.275 0.6359375 0.271875 0.6390625 0.25 0.6484375 0.2421875 0.66875 0.2421875 0.675 0.259375 0.6765625 0.2421875 0.665625 0.2171875 0.634375 0.20625 0.621875 0.2125
6 0.5765625 0.3625 0.578125 0.4125 0.5859375 0.4359375 0.59375 0.4421875 0.5953125 0.4671875 0.603125 0.375 0.6515625 0.3890625 0.653125 0.378125 0.6375 0.3515625 0.6140625 0.34375 0.59375 0.346875
7 0.83025 0.30398437500000003 0.08096875 0.053984374999999994
6 0.8046875 0.2890625 0.7984375 0.30625 0.8 0.3265625 0.80625 0.3453125 0.815625 0.35 0.81875 0.3078125 0.85 0.296875 0.8609375 0.3015625 0.8609375 0.296875 0.853125 0.284375 0.8375 0.278125 0.8125 0.2765625
6 0.3953125 0.3890625 0.3953125 0.4421875 0.4203125 0.559375 0.4515625 0.5609375 0.4515625 0.5359375 0.4390625 0.5171875 0.4171875 0.428125 0.424715909090909 0.41335227272727265 0.4417613636363635 0.4105113636363636 0.4546875 0.434375 0.4625 0.434375 0.4609375 0.425 0.4296875 0.375 0.4046875 0.371875
6 0.0328125 0.4546875 0.0328125 0.484375 0.0390625 0.496875 0.046875 0.496875 0.0484375 0.4703125 0.084375 0.4546875 0.075 0.4421875 0.053125 0.4359375 0.0453125 0.4375
5 0.556109375 0.507109375 0.069609375 0.0369375
5 0.25993750000000004 0.566765625 0.073859375 0.039765625
5 0.06746875 0.574578125 0.069609375 0.04403125
5 0.8181875 0.49006249999999996 0.0681875 0.03125
5 0.85440625 0.34871875 0.066765625 0.026984374999999998
7 0.30256249999999996 0.45881249999999996 0.071015625 0.03409375
5 0.31037499999999996 0.46164062499999997 0.07528125 0.051140624999999995
7 0.22868750000000002 0.5078125 0.11364062500000001 0.069609375
7 0.049 0.543328125 0.078125 0.0525625
7 0.0546875 0.454546875 0.0724375 0.03125
7 0.7911875 0.41121875 0.09090625 0.078125
7 0.652703125 0.222296875 0.078125 0.035515625
7 0.529828125 0.46306250000000004 0.10795312500000001 0.0568125
7 0.616484375 0.36931250000000004 0.09090625 0.051140624999999995
7 0.420453125 0.39914062499999997 0.073859375 0.039765625