9 0.796875 0.65859375 0.2890625 0.4359375
9 0.221875 0.64375 0.2859375 0.4890625
9 0.5125 0.6578125 0.253125 0.446875
9 0.646875 0.54375 0.140625 0.3359375
9 0.90078125 0.5359375 0.134375 0.3359375
9 0.75859375 0.46015625 0.1171875 0.25625
9 0.3359375 0.53984375 0.121875 0.3390625
9 0.95 0.4640625 0.0984375 0.24375
9 0.10703125 0.46171875 0.1140625 0.2828125
9 0.6953125 0.38671875 0.1046875 0.265625
9 0.0515625 0.63515625 0.103125 0.4984375
9 0.16015625 0.4171875 0.09375 0.1796875
9 0.06484375 0.3109375 0.0953125 0.134375
9 0.59609375 0.421875 0.078125 0.171875
9 0.56171875 0.35625 0.1 0.15625
9 0.05234375 0.55 0.1046875 0.3265625