2 0.6817647058823529 0.5903755868544601 0.12823529411764706 0.8145539906103286
2 0.2164705882352941 0.5715962441314554 0.2023529411764706 0.852112676056338
2 0.5547058823529412 0.6384976525821596 0.23411764705882354 0.7183098591549296
2 0.2817647058823529 0.5974178403755869 0.11176470588235295 0.8004694835680751
2 0.8811764705882353 0.5563380281690141 0.23529411764705882 0.8826291079812206
2 0.4370588235294118 0.6279342723004695 0.14 0.7394366197183099
0 0.9170588235294118 0.19718309859154928 0.10235294117647059 0.1643192488262911
0 0.17058823529411765 0.27816901408450706 0.11058823529411765 0.2699530516431925
0 0.6711764705882353 0.25586854460093894 0.10470588235294118 0.15023474178403756
0 0.4588235294117647 0.3438967136150235 0.10352941176470588 0.16666666666666666
0 0.2741176470588235 0.24882629107981222 0.06588235294117648 0.10328638497652583
0 0.40457647058823526 0.17866197183098592 0.04836470588235294 0.0808450704225352
0 0.5960823529411765 0.19953051643192488 0.047058823529411764 0.08607981220657278