2 0.5730994152046783 0.6448598130841121 0.10526315789473684 0.3177570093457944
2 0.41169590643274856 0.7885514018691588 0.2128654970760234 0.4182242990654206
2 0.3690058479532164 0.5537383177570093 0.06900584795321638 0.16355140186915887
2 0.19707602339181288 0.5712616822429907 0.10409356725146199 0.17990654205607476
2 0.6929824561403509 0.5817757009345794 0.06900584795321638 0.2523364485981308
2 0.1286549707602339 0.5105140186915887 0.044444444444444446 0.1425233644859813
2 0.5432748538011696 0.49883177570093457 0.03391812865497076 0.13317757009345793
0 0.5777777777777777 0.5268691588785047 0.04912280701754386 0.08644859813084112
0 0.391812865497076 0.6507009345794392 0.10058479532163743 0.14719626168224298
0 0.6998011695906433 0.47507009345794393 0.029894736842105262 0.05191588785046729
0 0.18258479532163743 0.5192056074766355 0.04288888888888889 0.0675
0 0.12410526315789473 0.46210280373831775 0.02469005847953216 0.04672897196261682
0 0.367766081871345 0.4945560747663551 0.0363859649122807 0.059719626168224293