2 0.3512269938650307 0.6037037037037037 0.3220858895705521 0.762962962962963
2 0.22800613496932515 0.5296296296296297 0.2392638036809816 0.8617407407407407
0 0.28322085889570553 0.2777777777777778 0.17791411042944785 0.10122222222222221
0 0.7944785276073619 0.2740740740740741 0.14929447852760735 0.07899999999999999
0 0.258680981595092 0.11603703703703704 0.11248466257668713 0.04937037037037037
2 0.6687116564417178 0.2678888888888889 0.20450920245398774 0.44692592592592595
0 0.6881288343558283 0.08025925925925927 0.09202453987730061 0.06666666666666667
2 0.5807668711656442 0.22840740740740742 0.12677914110429447 0.31851851851851853
0 0.5756748466257668 0.13455555555555554 0.07567484662576687 0.06174074074074075
2 0.48058282208588954 0.22592592592592592 0.143159509202454 0.2987777777777778
0 0.455 0.1172962962962963 0.08794478527607362 0.06174074074074075
0 0.7781288343558281 0.17285185185185187 0.07975460122699386 0.05433333333333333