2 0.35543766578249336 0.29694323144104806 0.13793103448275862 0.28820960698689957
2 0.5344827586206896 0.38427947598253276 0.15649867374005305 0.4104803493449782
2 0.7718832891246684 0.19213973799126638 0.1273209549071618 0.23580786026200873
2 0.4827586206896552 0.18995633187772926 0.07957559681697612 0.24017467248908297
2 0.6671087533156499 0.26419213973799127 0.14058355437665782 0.27510917030567683
2 0.08753315649867374 0.4737991266375546 0.16976127320954906 0.39737991266375544
0 0.66 0.1618340611353712 0.0343236074270557 0.07192139737991265
2 0.6989389920424404 0.14192139737991266 0.05570291777188329 0.12663755458515283
2 0.26657824933687 0.6834061135371179 0.29442970822281167 0.6157205240174672
0 0.0649867374005305 0.33406113537117904 0.08222811671087533 0.11790393013100436
0 0.5291777188328912 0.2183406113537118 0.06631299734748011 0.07860262008733625
0 0.6982493368700265 0.10659388646288209 0.026525198938992044 0.04882096069868996
0 0.7519893899204244 0.10698689956331878 0.03978779840848806 0.06550218340611354
0 0.21843501326259945 0.4456768558951965 0.10297082228116711 0.16698689956331877
0 0.3276657824933687 0.1900873362445415 0.04681697612732095 0.06676855895196507
0 0.4977453580901857 0.09633187772925764 0.04681697612732095 0.064235807860262