2 0.27364066193853426 0.4605263157894737 0.1359338061465721 0.423444976076555
2 0.6294326241134752 0.41985645933014354 0.14066193853427897 0.3660287081339713
2 0.8114657210401891 0.4126794258373206 0.11938534278959811 0.49521531100478466
2 0.46926713947990545 0.47248803827751196 0.12293144208037825 0.46172248803827753
1 0.23312056737588652 0.28842105263157897 0.04859338061465721 0.06645933014354068
2 0.06303782505910165 0.4040430622009569 0.1260756501182033 0.3455502392344498
1 0.027576832151300235 0.2963875598086124 0.05515366430260047 0.08772727272727274
1 0.6514302600472813 0.2764593301435407 0.04203309692671395 0.09569377990430622
1 0.8536879432624114 0.204688995215311 0.057789598108747044 0.07442583732057416
1 0.4682151300236407 0.2830861244019139 0.05385342789598109 0.07177033492822966
2 0.7624113475177305 0.17942583732057416 0.08011820330969267 0.34822966507177033
1 0.7735697399527187 0.050502392344497604 0.04728132387706856 0.06911483253588517