2 0.8633333333333333 0.6050583657587548 0.26 0.7587548638132295
2 0.3433333333333333 0.6381322957198443 0.19333333333333333 0.6926070038910506
2 0.7222222222222222 0.6673151750972762 0.26222222222222225 0.6264591439688716
2 0.13628888888888888 0.5518677042801556 0.2607333333333333 0.8962256809338522
0 0.16555555555555557 0.18591439688715955 0.1622222222222222 0.146147859922179
0 0.8155555555555556 0.3050583657587549 0.16 0.15879377431906616
0 0.36444444444444446 0.34155642023346305 0.1111111111111111 0.09945525291828794
2 0.49333333333333335 0.45007782101167315 0.10371111111111112 0.5369649805447471
0 0.4784 0.2254863813229572 0.04593333333333334 0.051322957198443576
0 0.3940666666666667 0.26459143968871596 0.05333333333333334 0.06743190661478599
2 0.7111111111111111 0.3605836575875486 0.05333333333333334 0.17120622568093385
0 0.6488888888888888 0.4020622568093385 0.11851111111111111 0.09856031128404669