2 0.2655145118733509 0.5012301587301587 0.48812664907651715 0.9975396825396825
0 0.2704485488126649 0.1130952380952381 0.2559366754617414 0.21031746031746032
2 0.6052242744063324 0.38940476190476186 0.14841688654353563 0.47619047619047616
0 0.5936675461741425 0.23015873015873015 0.15303430079155672 0.15079365079365079
0 0.9411345646437995 0.28523809523809524 0.11775725593667546 0.26785714285714285
2 0.45350923482849603 0.5009920634920635 0.18469656992084432 0.7341269841269841
0 0.44277044854881265 0.20337301587301587 0.16656992084432717 0.12896825396825398
0 0.04865435356200528 0.06821428571428571 0.08411609498680739 0.13146825396825398
2 0.45844327176781 0.10539682539682539 0.1517150395778364 0.20587301587301587
0 0.4337203166226913 0.040912698412698414 0.09564643799472296 0.05206349206349206
2 0.5969656992084432 0.10293650793650794 0.11543535620052771 0.1959126984126984
0 0.5928496042216359 0.023571428571428573 0.07092348284960422 0.037222222222222226
2 0.7775461741424802 0.29638888888888887 0.13356200527704484 0.567936507936508
2 0.7189973614775725 0.13515873015873017 0.0758575197889182 0.27031746031746035
0 0.7824802110817942 0.028531746031746033 0.05440633245382586 0.04214285714285714
2 0.8385488126649077 0.3819444444444444 0.19955145118733508 0.24801587301587302