2 0.2792207792207792 0.7488095238095238 0.08618654073199528 0.20238095238095238
2 0.5661157024793388 0.794047619047619 0.08618654073199528 0.40714285714285714
2 0.4244391971664699 0.6273809523809524 0.09327036599763873 0.1880952380952381
2 0.345926800472255 0.3547619047619048 0.07319952774498228 0.12380952380952381
2 0.22786304604486424 0.42857142857142855 0.06139315230224321 0.12857142857142856
2 0.8866587957497049 0.3273809523809524 0.06847697756788666 0.3547619047619048
1 0.2630224321133412 0.6772380952380952 0.03804014167650531 0.0635
1 0.4335537190082645 0.5635 0.03804014167650531 0.07935714285714285
1 0.42831168831168825 0.7777857142857143 0.05641086186540732 0.10052380952380952
1 0.5673671782762691 0.6269761904761905 0.04591499409681228 0.07935714285714285
1 0.21972845336481703 0.38095238095238093 0.032798110979929164 0.042333333333333334
1 0.33910271546635185 0.3108571428571429 0.019681227863046047 0.044976190476190475
0 0.8808854781582054 0.20502380952380952 0.02754427390791027 0.05026190476190476