2 0.37338044758539457 0.6588785046728972 0.16489988221436985 0.677570093457944
2 0.20082449941107186 0.48364485981308414 0.1330977620730271 0.22429906542056074
2 0.6230859835100118 0.6530373831775701 0.18138987043580684 0.6892523364485982
2 0.8015312131919906 0.5677570093457944 0.2626619552414605 0.8598130841121495
2 0.5058892815076561 0.4614485981308411 0.04122497055359246 0.20327102803738317
2 0.5518256772673734 0.44042056074766356 0.03415783274440518 0.1705607476635514
2 0.5848056537102474 0.4357476635514019 0.024734982332155476 0.16121495327102803
0 0.6301531213191991 0.4077102803738318 0.07773851590106007 0.1985981308411215
0 0.19892815076560658 0.3907009345794393 0.041884570082449946 0.059719626168224293
0 0.3455005889281507 0.37514018691588785 0.0706713780918728 0.10123831775700934
0 0.7642991755005889 0.22714953271028038 0.15442873969375737 0.194696261682243
0 0.4004711425206125 0.3582476635514019 0.03141342756183746 0.05710280373831776
0 0.5005889281507656 0.3647429906542056 0.011778563015312132 0.012990654205607476
0 0.5555594817432273 0.3595560747663551 0.011778563015312132 0.018177570093457943
0 0.5856537102473498 0.3608411214953271 0.009163722025912839 0.01558411214953271