2 0.7825322391559203 0.6729411764705883 0.369284876905041 0.6494117647058824
2 0.2690504103165299 0.3776470588235294 0.123094958968347 0.29411764705882354
2 0.20691676436107856 0.3447058823529412 0.08792497069167643 0.3270588235294118
2 0.8986987104337633 0.5550352941176471 0.20260257913247362 0.6046823529411764
0 0.865767878077374 0.5023529411764706 0.16295427901524032 0.30823529411764705
2 0.5425322391559203 0.2928 0.07685814771395076 0.26143529411764704
0 0.9773974208675265 0.30981176470588234 0.04520515826494725 0.1072
0 0.29178194607268465 0.2627529411764706 0.06252051582649472 0.08628235294117648
1 0.21427901524032825 0.21176470588235294 0.042989449003517 0.04183529411764706
0 0.5568581477139508 0.21569411764705881 0.04559202813599062 0.05489411764705882
2 0.6317584994138336 0.24705882352941178 0.08858147713950762 0.1751529411764706
0 0.6526025791324735 0.2091529411764706 0.04429073856975381 0.05750588235294118
1 0.4806565064478312 0.17385882352941176 0.028651817116060962 0.044447058823529416
0 0.7398710433763189 0.18691764705882352 0.020844079718640097 0.05489411764705882
0 0.771137162954279 0.16731764705882352 0.026049237983587336 0.04183529411764706