2 0.7635613207547169 0.31381733021077285 0.11674528301886793 0.2107728337236534
2 0.5029481132075472 0.5035128805620609 0.2983490566037736 0.7681498829039812
2 0.6055424528301887 0.3372365339578454 0.14976415094339623 0.4215456674473068
2 0.90625 0.5784543325526932 0.17570754716981132 0.8384074941451991
2 0.3590801886792453 0.41217798594847777 0.1214622641509434 0.7728337236533958
2 0.22110849056603774 0.49882903981264637 0.42806603773584906 0.9976580796252927
0 0.2489504716981132 0.19386416861826697 0.2830188679245283 0.38772833723653394
0 0.40225235849056606 0.09887587822014052 0.057653301886792456 0.1873536299765808
0 0.49987028301886793 0.19386416861826697 0.13758254716981133 0.18995316159250586
0 0.630247641509434 0.19126463700234192 0.06813679245283019 0.11189695550351288
0 0.8942570754716982 0.20297423887587823 0.07992924528301887 0.16133489461358314
0 0.9571580188679245 0.20166276346604214 0.04586084905660377 0.12229508196721312