2 0.5657276995305164 0.1607981220657277 0.06103286384976526 0.21830985915492956
2 0.26173708920187794 0.17488262910798122 0.046948356807511735 0.19014084507042253
2 0.07629107981220658 0.3368544600938967 0.046948356807511735 0.13849765258215962
2 0.3245305164319249 0.176056338028169 0.03403755868544601 0.15492957746478872
2 0.13380281690140844 0.4014084507042254 0.051643192488262914 0.15023474178403756
2 0.34507042253521125 0.3333333333333333 0.0892018779342723 0.29577464788732394
0 0.06911971830985915 0.2869014084507042 0.018262910798122065 0.05215962441314554
0 0.12780516431924882 0.352112676056338 0.03130281690140845 0.041737089201877936
0 0.1604107981220657 0.2673474178403756 0.02607981220657277 0.03913145539906104
0 0.11346244131455399 0.21518779342723005 0.028685446009389673 0.044342723004694835
0 0.357981220657277 0.2021361502347418 0.024776995305164317 0.044342723004694835
0 0.2588732394366197 0.10042253521126761 0.037816901408450704 0.03389671361502347
0 0.32929577464788734 0.11215962441314554 0.016948356807511736 0.03652582159624413
0 0.4068896713615024 0.14997652582159623 0.023474178403755867 0.03389671361502347
0 0.5633802816901409 0.06129107981220657 0.018262910798122065 0.03389671361502347