2 0.2330607476635514 0.4547563805104408 0.16705607476635514 0.5939675174013921
2 0.3574766355140187 0.5 0.14953271028037382 0.45243619489559167
2 0.4287383177570093 0.48491879350348027 0.1308411214953271 0.4408352668213457
2 0.9141355140186916 0.5962877030162413 0.1483644859813084 0.802784222737819
0 0.06717289719626168 0.21925754060324826 0.09462616822429906 0.19721577726218098
0 0.2330607476635514 0.2494199535962877 0.08761682242990654 0.18329466357308585
2 0.5354322429906542 0.5181670533642692 0.11811915887850467 0.39185614849187933
0 0.5151869158878505 0.41067285382830626 0.04906542056074766 0.11600928074245939
0 0.3142523364485981 0.3561484918793503 0.06074766355140187 0.16473317865429235
0 0.41939252336448596 0.3422273781902552 0.0630841121495327 0.1554524361948956
1 0.926144859813084 0.2294431554524362 0.06879672897196262 0.09795823665893272
1 0.9722196261682243 0.27069605568445476 0.04932242990654206 0.08250580046403713
2 0.6198130841121494 0.4936890951276102 0.10773364485981309 0.3480278422273782
0 0.6048831775700935 0.3802552204176334 0.04932242990654206 0.06960556844547564