2 0.4917936694021102 0.7512626262626263 0.12778429073856976 0.3560606060606061
2 0.8985932004689332 0.6944444444444444 0.12075029308323564 0.3333333333333333
2 0.6805392731535757 0.7196969696969697 0.09026963657678781 0.5404040404040404
2 0.11371629542790153 0.7575757575757576 0.08675263774912075 0.32323232323232326
2 0.1447831184056272 0.48484848484848486 0.11137162954279015 0.3181818181818182
0 0.6219226260257913 0.9305555555555556 0.05744431418522861 0.10858585858585859
0 0.9009378663540446 0.5820707070707071 0.038686987104337635 0.10858585858585859
1 0.6981242672919109 0.4797979797979798 0.05275498241500586 0.050505050505050504
0 0.4935521688159437 0.6174242424242424 0.053927315357561546 0.09848484848484848
0 0.111957796014068 0.6414141414141414 0.041031652989449004 0.10101010101010101
1 0.13774912075029308 0.35858585858585856 0.041031652989449004 0.08080808080808081