2 0.26107226107226106 0.5 0.2097902097902098 0.601593625498008
2 0.7365967365967366 0.8366533864541833 0.22843822843822845 0.3187250996015936
2 0.22494172494172493 0.8266932270916335 0.20279720279720279 0.3386454183266932
2 0.8006993006993007 0.7191235059760956 0.3333333333333333 0.5537848605577689
0 0.8776223776223776 0.5079681274900398 0.13286713286713286 0.1394422310756972
0 0.7447552447552448 0.7669322709163346 0.14685314685314685 0.17928286852589642
2 0.06804195804195805 0.5930278884462151 0.1134032634032634 0.8139442231075698
0 0.04937062937062937 0.3171713147410359 0.078997668997669 0.16127490039840636
2 0.11 0.4050597609561753 0.08391608391608392 0.3604780876494024
0 0.12398601398601398 0.33832669322709163 0.06743589743589744 0.07434262948207171
2 0.30275058275058275 0.2790836653386454 0.16102564102564101 0.38760956175298805
0 0.3170629370629371 0.11896414342629481 0.05111888111888112 0.044621513944223104
2 0.4048018648018648 0.2248207171314741 0.06575757575757576 0.2868525896414343
0 0.3937296037296037 0.13756972111553786 0.0348018648018648 0.05207171314741036
2 0.473986013986014 0.6434262948207171 0.16783216783216784 0.6821912350597609
0 0.49652680652680653 0.229601593625498 0.031538461538461536 0.03159362549800797
2 0.5488111888111888 0.3236653386454183 0.07710955710955711 0.3759760956175299
0 0.5416550116550116 0.19334661354581673 0.04568764568764569 0.08924302788844621
0 0.6112820512820513 0.1496414342629482 0.0434965034965035 0.05390438247011952
2 0.6656177156177157 0.3895617529880478 0.09298368298368298 0.5852988047808765
0 0.6727272727272727 0.17195219123505975 0.05111888111888112 0.09852589641434263
2 0.7425641025641025 0.29545816733067726 0.06023310023310023 0.28649402390438244
0 0.7423310023310022 0.19239043824701194 0.040233100233100234 0.05760956175298805
0 0.7564801864801864 0.06597609561752987 0.02501165501165501 0.05760956175298805
0 0.8119580419580419 0.07063745019920319 0.040233100233100234 0.048326693227091634
2 0.9072960372960374 0.41856573705179284 0.18540792540792542 0.5864541832669322
0 0.9315850815850816 0.19239043824701194 0.07722610722610723 0.09482071713147411
0 0.9647552447552448 0.1598804780876494 0.056550116550116554 0.07808764940239045
0 0.8532867132867132 0.10876494023904383 0.02937062937062937 0.03533864541832669
0 0.6629370629370629 0.10689243027888445 0.022843822843822845 0.03159362549800797
2 0.6882051282051282 0.06828685258964144 0.045827505827505825 0.11414342629482072
0 0.6955710955710955 0.0399601593625498 0.03806526806526806 0.027888446215139442
0 0.6003962703962704 0.10597609561752988 0.023939393939393937 0.026015936254980082
0 0.4791142191142191 0.3885258964143426 0.0793939393939394 0.08924302788844621
2 0.81 0.18466135458167332 0.07988344988344989 0.2663745019920319
2 0.9219813519813519 0.0749800796812749 0.0681118881118881 0.14103585657370518
0 0.2003263403263403 0.7631872509960159 0.14132867132867133 0.19673306772908367
0 0.20906759906759906 0.27641434262948206 0.10342657342657342 0.14940239043824702