2 0.24358974358974358 0.6539351851851852 0.30536130536130535 0.6875
2 0.9201631701631702 0.6377314814814815 0.1247086247086247 0.7199074074074074
2 0.8315850815850816 0.6099537037037037 0.0944055944055944 0.6319444444444444
2 0.1684149184149184 0.4398148148148148 0.07109557109557109 0.24537037037037038
2 0.34557109557109555 0.3645833333333333 0.0337995337995338 0.13657407407407407
0 0.25932400932400934 0.3923611111111111 0.12937062937062938 0.16898148148148148
0 0.9233333333333333 0.31506944444444446 0.046620046620046623 0.09002314814814814
0 0.8443356643356644 0.3382175925925926 0.05179487179487179 0.10546296296296297
2 0.47397435897435897 0.5092592592592593 0.1294988344988345 0.4681018518518518
0 0.46102564102564103 0.3433564814814815 0.046620046620046623 0.07972222222222222
0 0.16641025641025642 0.3433564814814815 0.04532634032634033 0.04886574074074074