3 0.7328125 0.1 0.496875 0.1859375
3 0.79765625 0.49921875 0.3359375 0.109375
9 0.7453125 0.71875 0.509375 0.5609375
9 0.24140625 0.2125 0.48125 0.425
9 0.209375 0.75078125 0.121875 0.484375
9 0.39375 0.7203125 0.14375 0.5515625
9 0.303125 0.76640625 0.1328125 0.4671875
9 0.028125 0.72578125 0.05625 0.521875
9 0.06015625 0.73359375 0.1078125 0.503125
9 0.14921875 0.69609375 0.09375 0.4390625
9 0.0421875 0.7296875 0.08125 0.5125
9 0.08515625 0.734375 0.0921875 0.484375
9 0.115625 0.73828125 0.075 0.484375
9 0.12890625 0.7296875 0.0828125 0.4765625