2 0.3245305164319249 0.6597938144329897 0.04812206572769953 0.27319587628865977
2 0.2112676056338028 0.6791237113402062 0.051643192488262914 0.15721649484536082
2 0.9072769953051644 0.8737113402061856 0.10093896713615023 0.24742268041237114
2 0.4823943661971831 0.07087628865979381 0.03755868544600939 0.11082474226804123
2 0.08744131455399061 0.8788659793814433 0.08333333333333333 0.23711340206185566
2 0.8057511737089202 0.595360824742268 0.04342723004694836 0.13402061855670103
1 0.20833333333333334 0.6172680412371134 0.03403755868544601 0.04381443298969072
1 0.10035211267605634 0.8015463917525774 0.04812206572769953 0.10309278350515463
1 0.4818075117370892 0.028350515463917526 0.01995305164319249 0.041237113402061855
0 0.806924882629108 0.5438144329896907 0.022300469483568074 0.03608247422680412
0 0.3286384976525822 0.5463917525773195 0.025821596244131457 0.02577319587628866
0 0.9184272300469484 0.7860824742268041 0.04812206572769953 0.10824742268041238