2 0.8221288515406162 0.7240740740740741 0.35014005602240894 0.5444444444444444
2 0.1811484593837535 0.6839629629629629 0.36226890756302527 0.6321111111111111
0 0.09803921568627451 0.4666666666666667 0.19607843137254902 0.17777777777777778
0 0.8151260504201681 0.5555555555555556 0.1792717086834734 0.2074074074074074
2 0.31932773109243695 0.6752962962962964 0.3772268907563025 0.6493703703703704
0 0.3473389355742297 0.39137037037037037 0.13817927170868347 0.07655555555555556
2 0.44350140056022413 0.5864074074074075 0.19980392156862745 0.6247037037037036
0 0.44165266106442574 0.33085185185185184 0.08775910364145657 0.044444444444444446
2 0.6349299719887955 0.5691481481481481 0.205406162464986 0.5358148148148147
0 0.6078431372549019 0.33825925925925926 0.08030812324929973 0.04937037037037037
2 0.7189635854341737 0.5308518518518519 0.10084033613445378 0.34074074074074073
0 0.7152100840336135 0.3814814814814815 0.06350140056022409 0.041962962962962966