2 0.5473537604456824 0.6492537313432836 0.2590529247910863 0.6119402985074627
2 0.36908077994428967 0.5354477611940298 0.16991643454038996 0.40671641791044777
2 0.14484679665738162 0.6231343283582089 0.2841225626740947 0.746268656716418
2 0.22423398328690808 0.542910447761194 0.17548746518105848 0.40671641791044777
2 0.745125348189415 0.667910447761194 0.15877437325905291 0.6492537313432836
2 0.935933147632312 0.6063432835820896 0.12813370473537605 0.458955223880597
2 0.49442896935933145 0.4944029850746269 0.11977715877437325 0.3619402985074627
0 0.09749303621169916 0.31156716417910446 0.12813370473537605 0.13059701492537312
0 0.6030640668523677 0.40111940298507465 0.10306406685236769 0.12313432835820895
0 0.37186629526462395 0.3712686567164179 0.06963788300835655 0.07835820895522388
0 0.27158774373259054 0.3787313432835821 0.0807799442896936 0.07835820895522388
0 0.4958217270194986 0.34888059701492535 0.06128133704735376 0.0708955223880597
0 0.7520891364902507 0.3917910447761194 0.08356545961002786 0.09701492537313433
0 0.9633147632311977 0.4651865671641791 0.0733426183844011 0.06966417910447761