2 0.7779187817258884 0.599624060150376 0.4289340101522843 0.7706766917293233
2 0.22715736040609136 0.5770676691729323 0.3934010152284264 0.8157894736842105
2 0.6357868020304569 0.2951127819548872 0.07868020304568528 0.23684210526315788
2 0.950507614213198 0.30639097744360905 0.08375634517766498 0.34962406015037595
2 0.5050761421319797 0.2518796992481203 0.1218274111675127 0.2781954887218045
0 0.16370558375634517 0.2532330827067669 0.1548223350253807 0.1680827067669173
2 0.354492385786802 0.35966165413533835 0.28596446700507616 0.5589097744360901
0 0.282994923857868 0.15037593984962405 0.11928934010152284 0.12781954887218044
0 0.9149746192893401 0.2883834586466165 0.1548223350253807 0.1482330827067669
0 0.3730964467005076 0.09962406015037593 0.08121827411167512 0.11654135338345864
0 0.800761421319797 0.15037593984962405 0.11421319796954314 0.12030075187969924
0 0.4416243654822335 0.13157894736842105 0.06769035532994924 0.05763157894736842
0 0.5304568527918782 0.13033834586466167 0.05246192893401016 0.06015037593984962
0 0.6328172588832488 0.22180451127819548 0.06769035532994924 0.08770676691729323
2 0.6962690355329949 0.2807142857142857 0.09982233502538071 0.3308270676691729