2 0.47485380116959064 0.3787878787878788 0.20116959064327486 0.668997668997669
2 0.09239766081871345 0.44522144522144524 0.17076023391812867 0.703962703962704
0 0.4892748538011696 0.09713286713286713 0.08187134502923976 0.11655011655011654
0 0.044187134502923976 0.14634032634032634 0.07536842105263157 0.09065268065268066
2 0.7024093567251462 0.30303030303030304 0.1858362573099415 0.5438927738927739
0 0.7037076023391813 0.07382284382284382 0.05847953216374269 0.08027972027972027
2 0.9213801169590643 0.16575757575757574 0.05458479532163743 0.21237762237762237
2 0.9684912280701754 0.2525174825174825 0.06302923976608187 0.3237529137529137
2 0.800514619883041 0.14762237762237762 0.05977777777777778 0.15540792540792542
2 0.37622222222222224 0.17482517482517482 0.08706432748538011 0.19424242424242424
0 0.36646783625730994 0.11137529137529138 0.04938011695906432 0.05179487179487179
0 0.7972748538011696 0.1062004662004662 0.04288888888888889 0.05179487179487179
0 0.9213801169590643 0.08547785547785548 0.04938011695906432 0.06216783216783217
0 0.9772631578947368 0.11265734265734266 0.0363859649122807 0.03885780885780886