2 0.7021631205673758 0.5116783216783216 0.07085106382978723 0.45913752913752914
2 0.04964539007092199 0.5652680652680653 0.09456264775413711 0.48717948717948717
2 0.4391252955082742 0.45454545454545453 0.06501182033096926 0.27972027972027974
0 0.7046217494089835 0.32892773892773897 0.05385342789598109 0.07251748251748251
0 0.4347281323877068 0.3366899766899767 0.02888888888888889 0.05179487179487179
0 0.04203309692671395 0.36519813519813515 0.06303782505910165 0.09324009324009325
2 0.3604137115839244 0.3765734265734266 0.021950354609929078 0.09177156177156176
2 0.38543735224586284 0.37918414918414917 0.040390070921985814 0.13505827505827506
0 0.33758865248226955 0.3384848484848485 0.021950354609929078 0.03636363636363636
0 0.3595390070921986 0.3419580419580419 0.011418439716312057 0.022517482517482517
0 0.38236406619385344 0.3428205128205128 0.02546099290780142 0.03808857808857809
2 0.3353900709219858 0.3705128205128205 0.026335697399527187 0.08657342657342658
2 0.513628841607565 0.3575291375291375 0.03862884160756501 0.10561771561771563
2 0.6549763593380615 0.36445221445221443 0.03336879432624114 0.12986013986013986
0 0.5118676122931443 0.3272494172494172 0.02458628841607565 0.03808857808857809
0 0.6580496453900709 0.32205128205128203 0.02371158392434988 0.03808857808857809