2 0.1759809750297265 0.6002358490566038 0.3448275862068966 0.7948113207547169
2 0.7068965517241379 0.625 0.15338882282996433 0.7452830188679245
2 0.4351961950059453 0.5188679245283019 0.15219976218787157 0.4481132075471698
2 0.8478002378121284 0.5023584905660378 0.30202140309155767 0.9905660377358491
2 0.8186682520808561 0.44457547169811323 0.07253269916765755 0.27122641509433965
0 0.4452318668252081 0.3354245283018868 0.08720570749108204 0.09433962264150944
0 0.08587395957193816 0.4009433962264151 0.16910820451843045 0.3825943396226415
0 0.9102259215219977 0.25025943396226413 0.17954815695600476 0.5005188679245283
0 0.7141022592152199 0.3236320754716981 0.06738406658739596 0.1493632075471698
2 0.5399643281807373 0.41476415094339625 0.04097502972651605 0.24073113207547167
0 0.5461474435196195 0.3120283018867925 0.023959571938168844 0.038325471698113206
2 0.582473246135553 0.34500000000000003 0.02859690844233056 0.08587264150943395
0 0.5847919143876338 0.31816037735849056 0.020868014268727707 0.032193396226415094
2 0.6528180737217598 0.3986556603773585 0.02241379310344828 0.17785377358490564
0 0.6543638525564804 0.3350235849056604 0.016230677764565993 0.03525943396226415