2 0.205685618729097 0.6758793969849246 0.3177257525083612 0.6381909547738693
2 0.7408026755852842 0.7160804020100503 0.391304347826087 0.5577889447236181
0 0.7292642140468227 0.5061809045226131 0.19367892976588627 0.13793969849246232
0 0.2540468227424749 0.4307537688442211 0.1776923076923077 0.14391959798994974
2 0.6337458193979933 0.2628140703517588 0.28735785953177256 0.3462311557788945
0 0.5698662207357859 0.17311557788944726 0.1290969899665552 0.11678391959798994
2 0.24157190635451506 0.258643216080402 0.17491638795986622 0.20025125628140705
0 0.26933110367892976 0.23673366834170853 0.1082943143812709 0.08969849246231157
2 0.37414715719063546 0.31914572864321605 0.07635451505016722 0.21693467336683417
0 0.37622073578595316 0.30035175879396986 0.06384615384615384 0.05839195979899497
0 0.5566889632107023 0.3639698492462312 0.047190635451505016 0.06050251256281407
2 0.4254849498327759 0.45160804020100503 0.14020066889632107 0.29412060301507537
0 0.434515050167224 0.3691959798994975 0.0388628762541806 0.05422110552763819
2 0.938695652173913 0.6533165829145728 0.1226086956521739 0.6933668341708542
0 0.9768561872909699 0.37547738693467336 0.046254180602006686 0.10844221105527638