2 0.36342042755344417 0.5442583732057417 0.26365795724465557 0.9066985645933014
2 0.12054631828978622 0.23923444976076555 0.12232779097387174 0.24401913875598086
2 0.030285035629453682 0.2751196172248804 0.060570071258907364 0.215311004784689
0 0.33966745843230406 0.16148325358851676 0.11163895486935867 0.14114832535885166
0 0.11809976247030879 0.1701196172248804 0.06465558194774347 0.11165071770334929
2 0.775273159144893 0.28177033492822967 0.12008313539192399 0.2764593301435407
0 0.7838479809976246 0.18208133971291865 0.047505938242280284 0.07177033492822966
2 0.6195011876484561 0.291555023923445 0.0691686460807601 0.18748803827751198
0 0.607541567695962 0.22016746411483254 0.021342042755344418 0.02409090909090909
2 0.4914133016627078 0.3130382775119617 0.058919239904988124 0.1995215311004785
0 0.4841567695961996 0.23047846889952153 0.020498812351543945 0.02064593301435407
2 0.8560332541567696 0.2863875598086124 0.06233966745843231 0.2528468899521531
0 0.8560332541567696 0.1969377990430622 0.03159144893111639 0.03956937799043062
2 0.9187885985748219 0.2975598086124402 0.051235154394299286 0.22361244019138757
0 0.9145249406175772 0.21586124401913875 0.030736342042755344 0.0361244019138756