2 0.7744807121661721 0.6175298804780877 0.3916913946587537 0.7569721115537849
2 0.08902077151335312 0.4601593625498008 0.13056379821958458 0.250996015936255
2 0.48169139465875377 0.5896414342629482 0.21759643916913946 0.7649402390438247
0 0.4465875370919881 0.26693227091633465 0.1394658753709199 0.11952191235059761
2 0.20771513353115728 0.46936254980079684 0.04821958456973294 0.17677290836653387
2 0.23925816023738872 0.43824701195219123 0.08531157270029674 0.29382470119521914
0 0.6862017804154302 0.3149800796812749 0.20029673590504452 0.15191235059760957
2 0.3392581602373887 0.5325498007968127 0.09694362017804155 0.5550996015936256
0 0.34403560830860536 0.3237051792828685 0.0983086053412463 0.099601593625498
0 0.21329376854599405 0.39466135458167334 0.02225519287833828 0.04729083665338645
0 0.24201780415430268 0.33741035856573703 0.09089020771513352 0.07223107569721116
0 0.09922848664688427 0.3498406374501992 0.06489614243323442 0.03235059760956175