2 0.17740046838407494 0.44487179487179485 0.14637002341920374 0.47435897435897434
2 0.9443793911007026 0.8448717948717949 0.10889929742388758 0.30512820512820515
2 0.8665105386416861 0.6076923076923076 0.117096018735363 0.6923076923076923
2 0.6539812646370023 0.09230769230769231 0.05737704918032787 0.16923076923076924
2 0.06088992974238876 0.9064102564102564 0.10304449648711944 0.18205128205128204
0 0.8911007025761124 0.33205128205128204 0.06557377049180328 0.14102564102564102
0 0.16920374707259953 0.2512820512820513 0.05503512880562061 0.1076923076923077
0 0.7845433255269321 0.29102564102564105 0.053864168618266976 0.05897435897435897
2 0.7166276346604216 0.258974358974359 0.12177985948477751 0.28205128205128205
1 0.7347775175644028 0.17307692307692307 0.03629976580796253 0.1
0 0.6539812646370023 0.021794871794871794 0.03864168618266979 0.04358974358974359
2 0.2154566744730679 0.20897435897435898 0.09133489461358314 0.16153846153846155
0 0.1996487119437939 0.16666666666666666 0.04566744730679157 0.046153846153846156
2 0.26229508196721313 0.05128205128205128 0.06088992974238876 0.10256410256410256
0 0.26346604215456676 0.026923076923076925 0.03981264637002342 0.05384615384615385