2 0.30701754385964913 0.23892773892773891 0.05497076023391813 0.18414918414918416
2 0.8538011695906432 0.22843822843822845 0.07953216374269007 0.18181818181818182
2 0.7935672514619883 0.1993006993006993 0.06432748538011696 0.20279720279720279
2 0.4807017543859649 0.2097902097902098 0.044444444444444446 0.18181818181818182
2 0.9713450292397661 0.13403263403263405 0.03625730994152047 0.10023310023310024
2 0.6964912280701754 0.1794871794871795 0.05730994152046784 0.16317016317016317
2 0.10409356725146199 0.1993006993006993 0.07953216374269007 0.21678321678321677
0 0.10851461988304094 0.12431235431235431 0.040280701754385966 0.06734265734265735
0 0.31123976608187137 0.17613053613053614 0.029894736842105262 0.06216783216783217
0 0.47953216374269003 0.14375291375291377 0.0207953216374269 0.049207459207459205
0 0.6913567251461988 0.11265734265734266 0.023391812865497075 0.03885780885780886
0 0.7901286549707601 0.11785547785547786 0.0207953216374269 0.03885780885780886
0 0.8570526315789473 0.1566899766899767 0.019497076023391815 0.03365967365967366
0 0.9707602339181286 0.101002331002331 0.018198830409356725 0.03627039627039627