2 0.8766157461809636 0.680365296803653 0.2444183313748531 0.634703196347032
2 0.663337250293772 0.3242009132420091 0.09518213866039953 0.2054794520547945
2 0.7620446533490012 0.3321917808219178 0.1045828437132785 0.20776255707762556
2 0.5311398354876615 0.3310502283105023 0.08225616921269095 0.1735159817351598
2 0.33313748531139836 0.6073059360730594 0.22679200940070504 0.7671232876712328
2 0.41598119858989424 0.3127853881278539 0.07050528789659224 0.1872146118721461
0 0.33607520564042304 0.2842465753424658 0.09870740305522914 0.20776255707762556
0 0.8730904817861339 0.5045662100456622 0.13866039952996476 0.2876712328767123
0 0.4151938895417156 0.24732876712328766 0.031339600470035256 0.04819634703196347
0 0.543807285546416 0.2562100456621004 0.030035252643948296 0.03552511415525114
0 0.6795887191539366 0.2460730593607306 0.03264394829612221 0.045662100456621
0 0.7722914218566392 0.25874429223744294 0.03525264394829612 0.05073059360730593