9 0.1734375 0.55625 0.3203125 0.878125
9 0.540625 0.5265625 0.334375 0.94375
0 0.546875 0.04375 0.5359375 0.0578125 0.5359375 0.0671875 0.5609375 0.0609375 0.6015625 0.0828125 0.6109375 0.0953125 0.609375 0.153125 0.5984375 0.2046875 0.6203125 0.20625 0.634375 0.165625 0.6296875 0.1109375 0.5921875 0.04375 0.578125 0.0359375 0.559375 0.0359375
0 0.4859375 0.103125 0.4921875 0.13125 0.484375 0.15 0.4890625 0.175 0.5015625 0.196875 0.528125 0.196875 0.5328125 0.175 0.5234375 0.1625 0.5203125 0.09375 0.53125 0.071875 0.515625 0.08125 0.5046875 0.0765625 0.5078125 0.0609375 0.5421875 0.0359375 0.5390625 0.0265625 0.509375 0.0359375
6 0.1818125 0.1953125 0.133515625 0.126421875
0 0.1296875 0.2265625 0.1296875 0.2625 0.140625 0.2828125 0.146875 0.2796875 0.146875 0.234375 0.2203125 0.234375 0.2234375 0.284375 0.23125 0.2875 0.2421875 0.275 0.246875 0.246875 0.2390625 0.196875 0.2234375 0.153125 0.1984375 0.1296875 0.178125 0.128125 0.153125 0.15
7 0.55965625 0.09090625 0.147734375 0.09375
6 0.56534375 0.1015625 0.1306875 0.1150625
7 0.183953125 0.168328125 0.12357812500000001 0.09517187499999999
8 0.545453125 0.61221875 0.28125 0.75
8 0.170453125 0.63778125 0.27273437500000003 0.673296875