3 0.53125 0.1921875 0.5328125 0.228125 0.5515625 0.278125 0.5703125 0.296875 0.590625 0.29375 0.6015625 0.2796875 0.6046875 0.2515625 0.5953125 0.1921875 0.559375 0.165625 0.54375 0.1703125
3 0.56640625 0.2375 0.096875 0.1359375
3 0.78125 0.3984375 0.784375 0.4390625 0.803125 0.4625 0.8453125 0.465625 0.871875 0.4328125 0.8609375 0.3703125 0.86875 0.3640625 0.8609375 0.35625 0.8421875 0.3609375 0.815625 0.353125
3 0.82578125 0.41640625 0.1046875 0.1015625
3 0.4671875 0.5171875 0.4625 0.5515625 0.4703125 0.584375 0.4875 0.5984375 0.5265625 0.5921875 0.5453125 0.5703125 0.5515625 0.5484375 0.5421875 0.5125 0.5234375 0.503125 0.4859375 0.4984375
3 0.50625 0.54375 0.0875 0.0859375
10 0.5546875 0.221875 0.14375 0.159375
10 0.8875 0.4390625 0.1078125 0.178125
10 0.4796875 0.63984375 0.1203125 0.165625
9 0.59140625 0.30234375 0.228125 0.31875
3 0.6421875 0.3359375 0.64375 0.3703125 0.6640625 0.3890625 0.6828125 0.3984375 0.7140625 0.3890625 0.71875 0.38125 0.7171875 0.35 0.6953125 0.315625 0.65625 0.3203125