9 0.4390625 0.63828125 0.2625 0.7234375
9 0.24765625 0.63359375 0.2578125 0.73125
9 0.75859375 0.18125 0.1921875 0.3046875
9 0.9171875 0.57734375 0.165625 0.8453125
9 0.625 0.646875 0.1625 0.70625
9 0.1265625 0.5984375 0.2390625 0.8015625
9 0.78515625 0.6046875 0.196875 0.790625
9 0.45 0.1796875 0.1125 0.2578125
9 0.378125 0.2875 0.134375 0.3859375
9 0.55234375 0.303125 0.096875 0.296875
9 0.6234375 0.2125 0.0875 0.1828125
9 0.07578125 0.5171875 0.1515625 0.7359375
9 0.07734375 0.325 0.1484375 0.353125
6 0.709515625 0.081671875 0.0838125 0.10653125000000001
6 0.36221875 0.165484375 0.09375 0.13778125000000002
6 0.36931250000000004 0.15340625000000002 0.073859375 0.11364062500000001
6 0.100859375 0.198859375 0.073859375 0.09659375
6 0.093046875 0.206671875 0.089484375 0.09517187499999999
6 0.173296875 0.27131249999999996 0.102265625 0.12784374999999998
8 0.765625 0.21662499999999998 0.139203125 0.14346874999999998
6 0.772734375 0.25993750000000004 0.07670312500000001 0.07954687499999999
6 0.8920468749999999 0.21662499999999998 0.09375 0.12357812500000001
6 0.627125 0.162640625 0.069609375 0.07528125
7 0.548296875 0.1818125 0.0625 0.042609375
5 0.5625 0.11860937499999999 0.048296875 0.0213125
6 0.560375 0.093046875 0.0724375 0.0724375
5 0.551140625 0.2265625 0.06534375 0.029828125
6 0.54403125 0.209515625 0.073859375 0.10653125000000001
6 0.48792187499999995 0.34304687500000003 0.14346874999999998 0.154828125
6 0.625 0.373578125 0.09090625 0.1306875
6 0.45028125 0.11221874999999999 0.085234375 0.116484375
6 0.30256249999999996 0.33096875 0.10795312500000001 0.1193125
5 0.27273437500000003 0.222296875 0.0625 0.038359375
6 0.26846875 0.189625 0.085234375 0.100859375
6 0.6931875 0.23650000000000002 0.09659375 0.1349375
8 0.139203125 0.506390625 0.21306250000000002 0.316765625
8 0.287640625 0.605828125 0.10653125000000001 0.33096875
7 0.300421875 0.308953125 0.0838125 0.055390625000000006
8 0.36931250000000004 0.33878125 0.12215625000000001 0.180390625
8 0.443890625 0.237921875 0.117890625 0.109375
8 0.454546875 0.59375 0.19034374999999998 0.363640625
8 0.620734375 0.626421875 0.1505625 0.3125
7 0.693890625 0.204546875 0.061078125000000004 0.048296875
8 0.783375 0.503546875 0.098015625 0.35653125
8 0.9232968749999999 0.484375 0.15340625000000002 0.31534375
5 0.10510937499999999 0.20881249999999998 0.051140624999999995 0.02840625
5 0.176140625 0.29403125 0.06534375 0.039765625
5 0.292609375 0.355109375 0.053984374999999994 0.02840625
5 0.36931250000000004 0.178984375 0.0568125 0.02840625
5 0.45667187499999995 0.11860937499999999 0.0525625 0.032671875
5 0.711640625 0.12073437499999999 0.053984374999999994 0.022734375
5 0.887078125 0.240765625 0.069609375 0.032671875
5 0.774859375 0.29118750000000004 0.04403125 0.019890625000000002
5 0.49289062499999997 0.359375 0.05965625 0.0369375
7 0.10510937499999999 0.172578125 0.082390625 0.0411875
7 0.27414062499999997 0.175421875 0.07670312500000001 0.0525625
7 0.365765625 0.128546875 0.07528125 0.055390625000000006
7 0.453125 0.08025 0.0681875 0.04971875
7 0.563203125 0.08451562500000001 0.058234375000000005 0.032671875
7 0.7109375 0.051140624999999995 0.069609375 0.042609375
7 0.8849375 0.1796875 0.073859375 0.04971875
7 0.77840625 0.24006249999999998 0.06534375 0.053984374999999994
7 0.62784375 0.331671875 0.085234375 0.0411875
7 0.49431250000000004 0.313921875 0.10510937499999999 0.0681875
7 0.16903125000000002 0.240765625 0.09375 0.066765625