1 0.165625 0.18515625 0.33125 0.2859375
3 0.81484375 0.059375 0.1703125 0.11875
10 0.76640625 0.2703125 0.2609375 0.30625
1 0.07109375 0.67890625 0.071875 0.0578125
1 0.23828125 0.6765625 0.0578125 0.046875
1 0.4015625 0.71875 0.0671875 0.05625
1 0.5390625 0.76015625 0.0296875 0.0421875
9 0.7734375 0.26640625 0.2015625 0.490625
9 0.38359375 0.8296875 0.1859375 0.340625
9 0.153125 0.5015625 0.3046875 0.9921875
9 0.221875 0.809375 0.146875 0.378125
9 0.90703125 0.63046875 0.1859375 0.6546875
1 0.03125 0.10625 0.015625 0.1734375 0.015625 0.2015625 0.03125 0.23125 0.0796875 0.253125 0.109375 0.2515625 0.121875 0.2375 0.125 0.2203125 0.1375 0.2140625 0.1390625 0.203125 0.153125 0.190625 0.165625 0.20625 0.171875 0.2578125 0.1890625 0.275 0.2140625 0.2796875 0.246875 0.275 0.271875 0.2515625 0.290625 0.1671875 0.290625 0.1578125 0.275 0.1359375 0.2171875 0.1125 0.10625 0.090625 0.059375 0.0890625
6 0.0328125 0.078125 0.03125 0.090625 0.0390625 0.096875 0.075 0.0765625 0.0765625 0.0640625 0.040625 0.0671875
6 0.2046875 0.040625 0.1921875 0.0453125 0.2203125 0.059375 0.2625 0.096875 0.2640625 0.1265625 0.2859375 0.140625 0.29375 0.0875 0.2875 0.03125
4 0.0078125 0.19375 0.0015625 0.253125 0.0125 0.2828125 0.021875 0.2234375 0.0125 0.175