9 0.39440624999999996 0.5226805555555555 0.276890625 0.9546388888888889
2 0.378515625 0.17126388888888888 0.11336718750000001 0.2316388888888889
7 0.3823515625 0.12868055555555558 0.10110156249999999 0.1266388888888889
2 0.33125 0.12777777777777777 0.32890625 0.16805555555555557 0.33203125 0.20277777777777778 0.34296875 0.22083333333333333 0.4109375 0.21805555555555556 0.4265625 0.20833333333333334 0.4328125 0.19166666666666668 0.43359375 0.15 0.42890625 0.11388888888888889 0.41953125 0.08333333333333333 0.40625 0.06666666666666667 0.37421875 0.059722222222222225 0.353125 0.07083333333333333 0.340625 0.08888888888888889
2 0.38371093749999996 0.1421388888888889 0.10475000000000001 0.17620833333333333
10 0.3971171875 0.6216388888888889 0.28035156250000004 0.7567222222222223
9 0.49553125 0.36033333333333334 0.1419609375 0.35565277777777776
2 0.5120390625 0.21323611111111113 0.07378124999999999 0.05611111111111111
10 0.2625 0.6333333333333333 0.271875 0.7138888888888889 0.27265625 0.7652777777777777 0.2640625 0.8861111111111111 0.26171875 0.9986111111111111 0.434375 0.9986111111111111 0.43984375 0.9277777777777778 0.43984375 0.9 0.434375 0.8708333333333333 0.4375 0.8638888888888889 0.44765625 0.8722222222222222 0.4640625 0.875 0.4703125 0.8902777777777777 0.48984375 0.8930555555555556 0.4984375 0.8847222222222222 0.5015625 0.8875 0.50625 0.8527777777777777 0.4984375 0.8277777777777777 0.49453125 0.7986111111111112 0.48046875 0.7819444444444444 0.47109375 0.7805555555555556 0.428125 0.7 0.42578125 0.6138888888888889 0.42109375 0.5333333333333333 0.41484375 0.49722222222222223 0.415625 0.4652777777777778 0.409375 0.37222222222222223 0.4 0.3527777777777778 0.3890625 0.30694444444444446 0.36328125 0.2638888888888889 0.3421875 0.25416666666666665 0.328125 0.25833333333333336 0.321875 0.2902777777777778 0.3125 0.2972222222222222 0.2953125 0.32222222222222224 0.27421875 0.37222222222222223 0.2640625 0.4263888888888889 0.26328125 0.45555555555555555 0.271875 0.5791666666666667
2 0.48203125 0.21805555555555556 0.48125 0.2388888888888889 0.484375 0.24166666666666667 0.5109375 0.21805555555555556 0.51796875 0.21666666666666667 0.5328125 0.225 0.53359375 0.2125 0.528125 0.1986111111111111 0.51328125 0.18194444444444444 0.4921875 0.19305555555555556
7 0.5098828125 0.2058888888888889 0.0546875 0.03104166666666667
5 0.516546875 0.25 0.0395234375 0.024513888888888887