9 0.37690686274509805 0.46829738562091505 0.19718382352941177 0.6910882352941177
2 0.3640392156862745 0.20337908496732027 0.07586029411764705 0.14490849673202616
9 0.7853823529411765 0.4593039215686275 0.14894117647058822 0.643686274509804
10 0.7773063725490196 0.4109019607843137 0.12053186274509803 0.35407189542483664
2 0.7742426470588235 0.21288235294117647 0.07763970588235293 0.10509477124183006
2 0.3416666666666667 0.15980392156862744 0.3355392156862745 0.1696078431372549 0.3355392156862745 0.17352941176470588 0.3377450980392157 0.18333333333333332 0.3497549019607843 0.18398692810457518 0.3762254901960784 0.19411764705882353 0.3862745098039216 0.19509803921568628 0.38848039215686275 0.19673202614379084 0.3911764705882353 0.1931372549019608 0.391421568627451 0.18366013071895426 0.38872549019607844 0.17124183006535948 0.38553921568627453 0.16405228758169935 0.3779411764705882 0.15457516339869282 0.3686274509803922 0.15 0.35612745098039217 0.14967320261437908 0.3448529411764706 0.15620915032679739
7 0.36213235294117646 0.16094771241830066 0.049019607843137254 0.032679738562091505
2 0.7514705882352941 0.1826797385620915 0.7517156862745098 0.1957516339869281 0.7536764705882353 0.19444444444444445 0.7598039215686274 0.19411764705882353 0.7651960784313725 0.19738562091503267 0.7754901960784314 0.20915032679738563 0.7781862745098039 0.21895424836601307 0.7823529411764706 0.22647058823529412 0.7865196078431372 0.22941176470588234 0.7943627450980392 0.23104575163398694 0.7990196078431373 0.23366013071895425 0.8009803921568628 0.22450980392156863 0.8026960784313726 0.22091503267973855 0.803921568627451 0.21274509803921568 0.8041666666666667 0.184640522875817 0.8029411764705883 0.1803921568627451 0.7953431372549019 0.17091503267973857 0.7806372549019608 0.16666666666666666 0.7634803921568627 0.16862745098039217 0.7580882352941176 0.17124183006535948
7 0.7794117647058824 0.17933006535947713 0.05269607843137255 0.02696078431372549
5 0.7601102941176471 0.21241830065359477 0.032475490196078434 0.0196078431372549
5 0.35692401960784315 0.20588235294117646 0.03860294117647059 0.016339869281045753