9 0.39296875 0.65234375 0.38125 0.6765625
1 0.33203125 0.33046875 0.096875 0.103125
1 0.58515625 0.5921875 0.0890625 0.0578125
1 0.72578125 0.36796875 0.0515625 0.1140625
3 0.33828125 0.10703125 0.1734375 0.2140625
3 0.34296875 0.28515625 0.1515625 0.1796875
3 0.528125 0.37890625 0.1359375 0.1625
3 0.6015625 0.52890625 0.1296875 0.14375
3 0.7671875 0.33515625 0.215625 0.275
8 0.39296875 0.71875 0.3390625 0.5625
8 0.86640625 0.55625 0.2671875 0.8875
8 0.7609375 0.74609375 0.29375 0.5078125
8 0.56953125 0.82578125 0.2359375 0.3484375
8 0.158703125 0.438375 0.317421875 0.8767343750000001