9 0.659375 0.58359375 0.334375 0.825
3 0.57578125 0.26328125 0.1578125 0.18125
3 0.3875 0.275 0.1546875 0.1796875
9 0.3296875 0.590625 0.378125 0.8140625
10 0.196875 0.584375 0.1953125 0.5984375 0.2234375 0.590625 0.2328125 0.659375 0.2453125 0.640625 0.3015625 0.6625 0.30625 0.678125 0.3 0.746875 0.28359375 0.7640625 0.25 0.771875 0.24375 0.784375 0.2640625 0.940625 0.265625 0.9984375 0.5015625 0.9984375 0.4859375 0.7359375 0.4859375 0.5453125 0.4796875 0.515625 0.465625 0.4890625 0.45625 0.484375 0.421875 0.4890625 0.4453125 0.51875 0.421875 0.5453125 0.4109375 0.5734375 0.3796875 0.5984375 0.3578125 0.596875 0.3328125 0.5859375 0.3078125 0.5625 0.2890625 0.53125 0.2640625 0.5234375 0.2484375 0.5328125 0.2140625 0.5359375
10 0.3484375 0.7390625 0.321875 0.521875
0 0.38493750000000004 0.42117187500000003 0.201703125 0.1349375
5 0.3265625 0.3390625 0.3171875 0.35 0.3171875 0.359375 0.33125 0.3921875 0.340625 0.3890625 0.3609375 0.3953125 0.3890625 0.3765625 0.4109375 0.396875 0.4390625 0.3890625 0.44375 0.3625 0.4359375 0.3390625 0.3796875 0.33125
1 0.38671875 0.3625 0.140625 0.075
0 0.58878125 0.38210937500000003 0.186078125 0.1306875
1 0.5140625 0.3609375 0.5140625 0.36875 0.5328125 0.3890625 0.5578125 0.3859375 0.5765625 0.359375 0.59375 0.36875 0.6109375 0.36875 0.6234375 0.359375 0.6375 0.3609375 0.6390625 0.328125 0.634375 0.31875 0.6078125 0.3203125 0.5625 0.340625 0.5421875 0.340625 0.521875 0.35
1 0.5796875 0.3484375 0.1296875 0.109375
10 0.66640625 0.73359375 0.3078125 0.5328125
1 0.6484375 0.296875 0.6453125 0.3078125 0.6515625 0.3140625 0.6609375 0.30625 0.6546875 0.29375
10 0.5125 0.5609375 0.5109375 0.659375 0.5203125 0.8546875 0.5171875 0.9984375 0.725 0.9984375 0.7296875 0.9875 0.73125 0.8640625 0.628125 0.8390625 0.6375 0.7640625 0.6421875 0.759375 0.684375 0.7625 0.725 0.7546875 0.7328125 0.7015625 0.76875 0.69375 0.7703125 0.6890625 0.740625 0.6875 0.7234375 0.6765625 0.728125 0.6125 0.75625 0.4921875 0.7484375 0.484375 0.71875 0.4859375 0.7078125 0.4734375 0.6609375 0.55 0.6109375 0.596875 0.58125 0.5984375 0.56875 0.5828125 0.553125 0.521875 0.56875 0.5125 0.5703125 0.5046875 0.528125 0.525