9 0.31015625 0.471875 0.346875 0.9171875
9 0.08671875 0.4859375 0.1734375 0.96875
9 0.0609375 0.49921875 0.121875 0.9921875
9 0.8171875 0.4953125 0.3640625 0.953125
7 0.40979687499999995 0.07173437499999999 0.12357812500000001 0.098015625
6 0.35625 0.084375 0.35625 0.10625 0.36875 0.1 0.384375 0.1296875 0.4171875 0.121875 0.4546875 0.1359375 0.46875 0.121875 0.465625 0.071875 0.4453125 0.0359375 0.425 0.0203125 0.3796875 0.0265625 0.365625 0.0484375
8 0.30681250000000004 0.316765625 0.323859375 0.36931250000000004
4 0.3421875 0.1171875 0.34375 0.1671875 0.3625 0.1703125 0.3796875 0.165625 0.3875 0.1390625 0.3765625 0.1078125 0.3640625 0.1 0.35 0.1046875
7 0.694609375 0.20809375000000002 0.10795312500000001 0.248578125
8 0.066046875 0.25568749999999996 0.132109375 0.47443749999999996
8 0.8984375 0.2890625 0.20028125000000002 0.563921875