1 0.315625 0.2265625 0.3140625 0.2484375 0.3296875 0.2734375 0.3453125 0.2875 0.36875 0.284375 0.3796875 0.2765625 0.403125 0.275 0.4234375 0.24375 0.43125 0.240625 0.4453125 0.196875 0.4390625 0.1890625 0.4265625 0.1875 0.3921875 0.2078125 0.3359375 0.215625 0.3328125 0.2234375
1 0.37734375 0.2390625 0.146875 0.1
1 0.65390625 0.27109375 0.1578125 0.1
3 0.36484375 0.11640625 0.196875 0.196875
3 0.559375 0.2125 0.5609375 0.2578125 0.575 0.271875 0.575 0.25 0.5828125 0.2296875 0.609375 0.2109375 0.640625 0.203125 0.69375 0.20625 0.7125 0.221875 0.7234375 0.215625 0.7234375 0.20625 0.703125 0.1796875 0.68125 0.13125 0.659375 0.10625 0.6296875 0.0890625 0.615625 0.090625 0.5828125 0.121875
3 0.6296875 0.1671875 0.196875 0.1828125
9 0.7359375 0.5265625 0.38125 0.915625
9 0.46328125 0.52421875 0.353125 0.940625
3 0.30625 0.0890625 0.3046875 0.1265625 0.290625 0.1625 0.2953125 0.1734375 0.3125 0.1765625 0.3109375 0.165625 0.321875 0.1546875 0.384375 0.140625 0.4171875 0.1484375 0.428125 0.1453125 0.4296875 0.1625 0.44375 0.184375 0.4578125 0.1890625 0.459375 0.16875 0.4515625 0.140625 0.409375 0.0671875 0.3828125 0.04375 0.35 0.0328125 0.3375 0.0359375 0.31875 0.059375
1 0.5953125 0.25625 0.59375 0.2734375 0.6046875 0.2984375 0.6171875 0.3 0.6734375 0.275 0.7125 0.2828125 0.7171875 0.2671875 0.7125 0.2390625 0.703125 0.234375 0.6625 0.2515625 0.63125 0.246875
0 0.3640625 0.3796875 0.3625 0.415625 0.36875 0.4359375 0.3859375 0.4515625 0.4078125 0.45 0.4421875 0.415625 0.4546875 0.3734375 0.4765625 0.346875 0.484375 0.325 0.478125 0.3125 0.46875 0.303125 0.4625 0.31875 0.3859375 0.3609375 0.375 0.35625
4 0.5986875 0.305515625 0.03125 0.06990625
4 0.451484375 0.22696875 0.029609375 0.06085937500000001