10 0.103125 0.80546875 0.20625 0.3890625
10 0.471875 0.771875 0.3296875 0.45625
10 0.77578125 0.66015625 0.2046875 0.415625
10 0.9390625 0.68515625 0.121875 0.3890625
3 0.09609375 0.45078125 0.1046875 0.1015625
3 0.28203125 0.4203125 0.0765625 0.084375
3 0.43203125 0.3515625 0.1546875 0.1515625
3 0.7578125 0.31015625 0.0875 0.096875
3 0.9234375 0.40859375 0.0796875 0.0921875
1 0.09453125 0.51953125 0.084375 0.0390625
1 0.28046875 0.4734375 0.0640625 0.0453125
9 0.1046875 0.7015625 0.209375 0.59375
9 0.49140625 0.63828125 0.384375 0.721875
9 0.28359375 0.6875 0.178125 0.6203125
9 0.93671875 0.68046875 0.125 0.6390625
9 0.7765625 0.62890625 0.2171875 0.7421875