9 0.28515625 0.715625 0.5703125 0.5453125
9 0.546875 0.51015625 0.7859375 0.9640625
9 0.18984375 0.4859375 0.3796875 0.96875
6 0.886359375 0.49645312500000005 0.09375 0.126421875
6 0.7109375 0.2421875 0.1036875 0.1463125
6 0.738640625 0.371453125 0.1193125 0.100859375
6 0.594453125 0.49503125 0.1036875 0.100859375
6 0.60653125 0.602984375 0.071015625 0.100859375
6 0.633515625 0.737921875 0.12784374999999998 0.14346874999999998
6 0.36221875 0.592328125 0.142046875 0.173296875
6 0.40412499999999996 0.40128125 0.14346874999999998 0.163359375
6 0.47229687499999995 0.306109375 0.151984375 0.151984375
6 0.48153125 0.063203125 0.11079687499999999 0.126421875
4 0.316765625 0.689625 0.07954687499999999 0.046875